-0.001000000047497,0.999999493360391,-0.001000000047497,-0.999999493360391
-0.001018610200845,0.999999493360391,-0.001018610200845,-0.999999493360391
-0.001037566689774,0.999999463558053,-0.001037566689774,-0.999999463558053
-0.001056875917129,0.999999433755714,-0.001056875917129,-0.999999433755714
-0.001076544634998,0.999999433755714,-0.001076544634998,-0.999999433755714
-0.001096579246223,0.999999403953375,-0.001096579246223,-0.999999403953375
-0.001116986852139,0.999999374151034,-0.001116986852139,-0.999999374151034
-0.001137774088420,0.999999344348693,-0.001137774088420,-0.999999344348693
-0.001158948289230,0.999999314546350,-0.001158948289230,-0.999999314546350
-0.001180516555905,0.999999314546350,-0.001180516555905,-0.999999314546350
-0.001202486106195,0.999999284744007,-0.001202486106195,-0.999999284744007
-0.001224864623509,0.999999254941663,-0.001224864623509,-0.999999254941663
-0.001247659558430,0.999999225139318,-0.001247659558430,-0.999999225139318
-0.001270878710784,0.999999195336972,-0.001270878710784,-0.999999195336972
-0.001294529996812,0.999999165534625,-0.001294529996812,-0.999999165534625
-0.001318621449172,0.999999135732277,-0.001318621449172,-0.999999135732277
-0.001343161216937,0.999999105929929,-0.001343161216937,-0.999999105929929
-0.001368157682009,0.999999076127579,-0.001368157682009,-0.999999076127579
-0.001393619226292,0.999999016522878,-0.001393619226292,-0.999999016522878
-0.001419554813765,0.999998986720525,-0.001419554813765,-0.999998986720525
-0.001445972942747,0.999998956918172,-0.001445972942747,-0.999998956918172
-0.001472882693633,0.999998927115819,-0.001472882693633,-0.999998927115819
-0.001500293379650,0.999998867511108,-0.001500293379650,-0.999998867511108
-0.001528214081191,0.999998837708751,-0.001528214081191,-0.999998837708751
-0.001556654344313,0.999998778104036,-0.001556654344313,-0.999998778104036
-0.001585623947904,0.999998748301676,-0.001585623947904,-0.999998748301676
-0.001615132670850,0.999998688696955,-0.001615132670850,-0.999998688696955
-0.001645190641284,0.999998658894593,-0.001645190641284,-0.999998658894593
-0.001675807870924,0.999998599289867,-0.001675807870924,-0.999998599289867
-0.001706994953565,0.999998539685137,-0.001706994953565,-0.999998539685137
-0.001738762366585,0.999998480080403,-0.001738762366585,-0.999998480080403
-0.001771121053025,0.999998420475666,-0.001771121053025,-0.999998420475666
-0.001804081955925,0.999998360870925,-0.001804081955925,-0.999998360870925
-0.001837656251155,0.999998301266181,-0.001837656251155,-0.999998301266181
-0.001871855347417,0.999998241661433,-0.001871855347417,-0.999998241661433
-0.001906690886244,0.999998182056682,-0.001906690886244,-0.999998182056682
-0.001942174625583,0.999998122451927,-0.001942174625583,-0.999998122451927
-0.001978318905458,0.999998033044788,-0.001978318905458,-0.999998033044788
-0.002015135716647,0.999997973440024,-0.002015135716647,-0.999997973440024
-0.002052637748420,0.999997884032872,-0.002052637748420,-0.999997884032872
-0.002090837806463,0.999997824428099,-0.002090837806463,-0.999997824428099
-0.002129748463631,0.999997735020933,-0.002129748463631,-0.999997735020933
-0.002169383456931,0.999997645613760,-0.002169383456931,-0.999997645613760
-0.002209756057709,0.999997556206578,-0.002209756057709,-0.999997556206578
-0.002250880002975,0.999997466799389,-0.002250880002975,-0.999997466799389
-0.002292769262567,0.999997377392191,-0.002292769262567,-0.999997377392191
-0.002335438039154,0.999997258182582,-0.002335438039154,-0.999997258182582
-0.002378901001066,0.999997168775365,-0.002378901001066,-0.999997168775365
-0.002423172816634,0.999997049565731,-0.002423172816634,-0.999997049565731
-0.002468268387020,0.999996960158496,-0.002468268387020,-0.999996960158496
-0.002514203311875,0.999996840948837,-0.002514203311875,-0.999996840948837
-0.002560993190855,0.999996721739164,-0.002560993190855,-0.999996721739164
-0.002608653623611,0.999996602529476,-0.002608653623611,-0.999996602529476
-0.002657201141119,0.999996483319775,-0.002657201141119,-0.999996483319775
-0.002706652041525,0.999996334307628,-0.002706652041525,-0.999996334307628
-0.002757023321465,0.999996185295458,-0.002757023321465,-0.999996185295458
-0.002808331977576,0.999996066085707,-0.002808331977576,-0.999996066085707
-0.002860595472157,0.999995917073498,-0.002860595472157,-0.999995917073498
-0.002913831733167,0.999995768061266,-0.002913831733167,-0.999995768061266
-0.002968058688566,0.999995589246559,-0.002968058688566,-0.999995589246559
-0.003023294731975,0.999995440234279,-0.003023294731975,-0.999995440234279
-0.003079558722675,0.999995261419513,-0.003079558722675,-0.999995261419513
-0.003136869752780,0.999995082604716,-0.003136869752780,-0.999995082604716
-0.003195247612894,0.999994903789886,-0.003195247612894,-0.999994903789886
-0.003254711627960,0.999994695172544,-0.003254711627960,-0.999994695172544
-0.003315282287076,0.999994516357645,-0.003315282287076,-0.999994516357645
-0.003376980312169,0.999994307740223,-0.003376980312169,-0.999994307740223
-0.003439826425165,0.999994069320258,-0.003439826425165,-0.999994069320258
-0.003503842279315,0.999993860702743,-0.003503842279315,-0.999993860702743
-0.003569049295038,0.999993622282671,-0.003569049295038,-0.999993622282671
-0.003635470056906,0.999993383862543,-0.003635470056906,-0.999993383862543
-0.003703126683831,0.999993145442358,-0.003703126683831,-0.999993145442358
-0.003772042458877,0.999992877219582,-0.003772042458877,-0.999992877219582
-0.003842240897939,0.999992608996734,-0.003842240897939,-0.999992608996734
-0.003913745749742,0.999992340773814,-0.003913745749742,-0.999992340773814
-0.003986581228673,0.999992042748264,-0.003986581228673,-0.999992042748264
-0.004060772247612,0.999991744722624,-0.004060772247612,-0.999991744722624
-0.004136343486607,0.999991446696895,-0.004136343486607,-0.999991446696895
-0.004213321954012,0.999991118868491,-0.004213321954012,-0.999991118868491
-0.004291732329875,0.999990791039980,-0.004291732329875,-0.999990791039980
-0.004371602088213,0.999990433408754,-0.004371602088213,-0.999990433408754
-0.004452958703041,0.999990075777400,-0.004452958703041,-0.999990075777400
-0.004535828717053,0.999989718145918,-0.004535828717053,-0.999989718145918
-0.004620241466910,0.999989330711668,-0.004620241466910,-0.999989330711668
-0.004706224892288,0.999988913474616,-0.004706224892288,-0.999988913474616
-0.004793808329850,0.999988496237390,-0.004793808329850,-0.999988496237390
-0.004883022047579,0.999988078999990,-0.004883022047579,-0.999988078999990
-0.004973895847797,0.999987631959725,-0.004973895847797,-0.999987631959725
-0.005066460929811,0.999987155116555,-0.005066460929811,-0.999987155116555
-0.005160748492926,0.999986678273158,-0.005160748492926,-0.999986678273158
-0.005256791133434,0.999986171626800,-0.005256791133434,-0.999986171626800
-0.005354620981961,0.999985664980185,-0.005354620981961,-0.999985664980185
-0.005454271100461,0.999985128530548,-0.005454271100461,-0.999985128530548
-0.005555776413530,0.999984562277841,-0.005555776413530,-0.999984562277841
-0.005659169983119,0.999983996024814,-0.005659169983119,-0.999983996024814
-0.005764488130808,0.999983399968649,-0.005764488130808,-0.999983399968649
-0.005871766246855,0.999982774109294,-0.005871766246855,-0.999982774109294
-0.005981041118503,0.999982118446692,-0.005981041118503,-0.999982118446692
-0.006092349067330,0.999981432980785,-0.006092349067330,-0.999981432980785
-0.006205728743225,0.999980747514408,-0.006205728743225,-0.999980747514408
-0.006321218330413,0.999980032244645,-0.006321218330413,-0.999980032244645
-0.006438857410103,0.999979257368490,-0.006438857410103,-0.999979257368490
-0.006558685563505,0.999978482491734,-0.006558685563505,-0.999978482491734
-0.006680743768811,0.999977677811392,-0.006680743768811,-0.999977677811392
-0.006805073469877,0.999976843327389,-0.006805073469877,-0.999976843327389
-0.006931717507541,0.999975979039652,-0.006931717507541,-0.999975979039652
-0.007060717791319,0.999975084948104,-0.007060717791319,-0.999975084948104
-0.007192119024694,0.999974131249571,-0.007192119024694,-0.999974131249571
-0.007325965445489,0.999973177550129,-0.007325965445489,-0.999973177550129
-0.007462302688509,0.999972164243475,-0.007462302688509,-0.999972164243475
-0.007601177785546,0.999971121132612,-0.007601177785546,-0.999971121132612
-0.007742636837065,0.999970018414230,-0.007742636837065,-0.999970018414230
-0.007886728271842,0.999968885891383,-0.007886728271842,-0.999968885891383
-0.008033501915634,0.999967723563970,-0.008033501915634,-0.999967723563970
-0.008183007128537,0.999966531431886,-0.008183007128537,-0.999966531431886
-0.008335294201970,0.999965249888311,-0.008335294201970,-0.999965249888311
-0.008490415289998,0.999963968343093,-0.008490415289998,-0.999963968343093
-0.008648423478007,0.999962597385926,-0.008648423478007,-0.999962597385926
-0.008809371851385,0.999961196623400,-0.008809371851385,-0.999961196623400
-0.008973315358162,0.999959736251870,-0.008973315358162,-0.999959736251870
-0.009140310809016,0.999958216271072,-0.009140310809016,-0.999958216271072
-0.009310413151979,0.999956666484352,-0.009310413151979,-0.999956666484352
-0.009483681991696,0.999955027284244,-0.009483681991696,-0.999955027284244
-0.009660175070167,0.999953328474025,-0.009660175070167,-0.999953328474025
-0.009839951992035,0.999951599857155,-0.009839951992035,-0.999951599857155
-0.010023075155914,0.999949781825844,-0.010023075155914,-0.999949781825844
-0.010209606960416,0.999947874379604,-0.010209606960416,-0.999947874379604
-0.010399608872831,0.999945937125791,-0.010399608872831,-0.999945937125791
-0.010593147948384,0.999943880652253,-0.010593147948384,-0.999943880652253
-0.010790287517011,0.999941794370429,-0.010790287517011,-0.999941794370429
-0.010991097427905,0.999939588867768,-0.010991097427905,-0.999939588867768
-0.011195642873645,0.999937323751863,-0.011195642873645,-0.999937323751863
-0.011403995566070,0.999934969218049,-0.011403995566070,-0.999934969218049
-0.011616226285696,0.999932525265694,-0.011616226285696,-0.999932525265694
-0.011832405813038,0.999929991894144,-0.011832405813038,-0.999929991894144
-0.012052609585226,0.999927369102718,-0.012052609585226,-0.999927369102718
-0.012276910245419,0.999924627086143,-0.012276910245419,-0.999924627086143
-0.012505386024714,0.999921795648094,-0.012505386024714,-0.999921795648094
-0.012738113291562,0.999918874787811,-0.012738113291562,-0.999918874787811
-0.012975172139704,0.999915804894847,-0.012975172139704,-0.999915804894847
-0.013216641731560,0.999912645577684,-0.013216641731560,-0.999912645577684
-0.013462605886161,0.999909367030451,-0.013462605886161,-0.999909367030451
-0.013713147491217,0.999905969251976,-0.013713147491217,-0.999905969251976
-0.013968351297081,0.999902452241042,-0.013968351297081,-0.999902452241042
-0.014228304848075,0.999898786191054,-0.014228304848075,-0.999898786191054
-0.014493095688522,0.999894971100371,-0.014493095688522,-0.999894971100371
-0.014762815088034,0.999891036772858,-0.014762815088034,-0.999891036772858
-0.015037553384900,0.999886923595725,-0.015037553384900,-0.999886923595725
-0.015317404642701,0.999882691178402,-0.015317404642701,-0.999882691178402
-0.015602463856339,0.999878279907478,-0.015602463856339,-0.999878279907478
-0.015892827883363,0.999873689780585,-0.015892827883363,-0.999873689780585
-0.016188597306609,0.999868950601489,-0.016188597306609,-0.999868950601489
-0.016489868983626,0.999864032561695,-0.016489868983626,-0.999864032561695
-0.016796749085188,0.999858935658565,-0.016796749085188,-0.999858935658565
-0.017109338194132,0.999853630082678,-0.017109338194132,-0.999853630082678
-0.017427746206522,0.999848115830712,-0.017427746206522,-0.999848115830712
-0.017752079293132,0.999842422706234,-0.017752079293132,-0.999842422706234
-0.018082449212670,0.999836491091800,-0.018082449212670,-0.999836491091800
-0.018418967723846,0.999830350790542,-0.018418967723846,-0.999830350790542
-0.018761746585369,0.999823971991048,-0.018761746585369,-0.999823971991048
-0.019110906869173,0.999817384496520,-0.019110906869173,-0.999817384496520
-0.019466564059258,0.999810498878922,-0.019466564059258,-0.999810498878922
-0.019828839227557,0.999803374748464,-0.019828839227557,-0.999803374748464
-0.020197857171297,0.999796012100047,-0.020197857171297,-0.999796012100047
-0.020573742687702,0.999788351311141,-0.020573742687702,-0.999788351311141
-0.020956624299288,0.999780392374893,-0.020956624299288,-0.999780392374893
-0.021346630528569,0.999772135284182,-0.021346630528569,-0.999772135284182
-0.021743895485997,0.999763580031620,-0.021743895485997,-0.999763580031620
-0.022148551419377,0.999754696799919,-0.022148551419377,-0.999754696799919
-0.022560739889741,0.999745485580337,-0.022560739889741,-0.999745485580337
-0.022980600595474,0.999735916553612,-0.022980600595474,-0.999735916553612
-0.023408273234963,0.999725989709470,-0.023408273234963,-0.999725989709470
-0.023843904957175,0.999715705037253,-0.023843904957175,-0.999715705037253
-0.024287642911077,0.999705002903686,-0.024287642911077,-0.999705002903686
-0.024739641696215,0.999693942918255,-0.024739641696215,-0.999693942918255
-0.025200050324202,0.999682435633718,-0.025200050324202,-0.999682435633718
-0.025669027119875,0.999670510846775,-0.025669027119875,-0.999670510846775
-0.026146732270718,0.999658108917457,-0.026146732270718,-0.999658108917457
-0.026633327826858,0.999645259640903,-0.026633327826858,-0.999645259640903
-0.027128977701068,0.999631933186567,-0.027128977701068,-0.999631933186567
-0.027633853256702,0.999618099721657,-0.027633853256702,-0.999618099721657
-0.028148123994470,0.999603759225125,-0.028148123994470,-0.999603759225125
-0.028671965003014,0.999588881860567,-0.028671965003014,-0.999588881860567
-0.029205555096269,0.999573437788972,-0.029205555096269,-0.999573437788972
-0.029749074950814,0.999557397168554,-0.029749074950814,-0.999557397168554
-0.030302710831165,0.999540759970593,-0.030302710831165,-0.999540759970593
-0.030866649001837,0.999523526165297,-0.030866649001837,-0.999523526165297
-0.031441081315279,0.999505606270620,-0.031441081315279,-0.999505606270620
-0.032026205211878,0.999487030067277,-0.032026205211878,-0.999487030067277
-0.032622221857309,0.999467767700480,-0.032622221857309,-0.999467767700480
-0.033229324966669,0.999447759492979,-0.033229324966669,-0.999447759492979
-0.033847726881504,0.999427005399980,-0.033847726881504,-0.999427005399980
-0.034477639943361,0.999405475554964,-0.034477639943361,-0.999405475554964
-0.035119276493788,0.999383140087078,-0.035119276493788,-0.999383140087078
-0.035772852599621,0.999359939299486,-0.035772852599621,-0.999359939299486
-0.036438588052988,0.999335902954049,-0.036438588052988,-0.999335902954049
-0.037116717547178,0.999310941521860,-0.037116717547178,-0.999310941521860
-0.037807468324900,0.999285054933597,-0.037807468324900,-0.999285054933597
-0.038511071354151,0.999258183468466,-0.038511071354151,-0.999258183468466
-0.039227768778801,0.999230297221733,-0.039227768778801,-0.999230297221733
-0.039957802742720,0.999201366282293,-0.039957802742720,-0.999201366282293
-0.040701422840357,0.999171360732361,-0.040701422840357,-0.999171360732361
-0.041458886116743,0.999140220819186,-0.041458886116743,-0.999140220819186
-0.042230442166328,0.999107886778838,-0.042230442166328,-0.999107886778838
-0.043016359210014,0.999074358495377,-0.043016359210014,-0.999074358495377
-0.043816898018122,0.999039576186619,-0.043816898018122,-0.999039576186619
-0.044632337987423,0.999003480057483,-0.044632337987423,-0.999003480057483
-0.045462954789400,0.998966040132380,-0.045462954789400,-0.998966040132380
-0.046309027820826,0.998927166757230,-0.046309027820826,-0.998927166757230
-0.047170847654343,0.998886829929142,-0.047170847654343,-0.998886829929142
-0.048048704862595,0.998844999634035,-0.048048704862595,-0.998844999634035
-0.048942897468805,0.998801586170029,-0.048942897468805,-0.998801586170029
-0.049853734672070,0.998756529651824,-0.049853734672070,-0.998756529651824
-0.050781521946192,0.998709800016220,-0.050781521946192,-0.998709800016220
-0.051726572215557,0.998661277659264,-0.051726572215557,-0.998661277659264
-0.052689213305712,0.998610962319632,-0.052689213305712,-0.998610962319632
-0.053669769316912,0.998558734344948,-0.053669769316912,-0.998558734344948
-0.054668571799994,0.998504563588128,-0.054668571799994,-0.998504563588128
-0.055685963481665,0.998448330338411,-0.055685963481665,-0.998448330338411
-0.056722290813923,0.998390004396914,-0.056722290813923,-0.998390004396914
-0.057777900248766,0.998329465988090,-0.057777900248766,-0.998329465988090
-0.058853156864643,0.998266655001286,-0.058853156864643,-0.998266655001286
-0.059948425740004,0.998201481439450,-0.059948425740004,-0.998201481439450
-0.061064075678587,0.998133855265663,-0.061064075678587,-0.998133855265663
-0.062200486660004,0.998063686400960,-0.062200486660004,-0.998063686400960
-0.063358053565025,0.997990854859736,-0.063358053565025,-0.997990854859736
-0.064537152647972,0.997915300329835,-0.064537152647972,-0.997915300329835
-0.065738201141357,0.997836902725014,-0.065738201141357,-0.997836902725014
-0.066961601376534,0.997755541897654,-0.066961601376534,-0.997755541897654
-0.068207770586014,0.997671127507129,-0.068207770586014,-0.997671127507129
-0.069477126002312,0.997583539280227,-0.069477126002312,-0.997583539280227
-0.070770107209682,0.997492656871948,-0.070770107209682,-0.997492656871948
-0.072087153792381,0.997398329981509,-0.072087153792381,-0.997398329981509
-0.073428705334663,0.997300467982575,-0.073428705334663,-0.997300467982575
-0.074795223772526,0.997198920404207,-0.074795223772526,-0.997198920404207
-0.076187178492546,0.997093536674387,-0.076187178492546,-0.997093536674387
-0.077605031430721,0.996984196006762,-0.077605031430721,-0.996984196006762
-0.079049274325371,0.996870717724060,-0.079049274325371,-0.996870717724060
-0.080520398914814,0.996752950916079,-0.080520398914814,-0.996752950916079
-0.082018896937370,0.996630774450277,-0.082018896937370,-0.996630774450277
-0.083545282483101,0.996503977356594,-0.083545282483101,-0.996503977356594
-0.085100069642067,0.996372408316863,-0.085100069642067,-0.996372408316863
-0.086683802306652,0.996235885950908,-0.086683802306652,-0.996235885950908
-0.088297002017498,0.996094198787812,-0.088297002017498,-0.996094198787812
-0.089940220117569,0.995947165081717,-0.089940220117569,-0.995947165081717
-0.091614022850990,0.995794602895217,-0.091614022850990,-0.995794602895217
-0.093318976461887,0.995636270223409,-0.093318976461887,-0.995636270223409
-0.095055662095547,0.995471954747701,-0.095055662095547,-0.995471954747701
-0.096824660897255,0.995301443903913,-0.096824660897255,-0.995301443903913
-0.098626583814621,0.995124524869064,-0.098626583814621,-0.995124524869064
-0.100462041795254,0.994940894686092,-0.100462041795254,-0.994940894686092
-0.102331660687923,0.994750339921202,-0.102331660687923,-0.994750339921202
-0.104236066341400,0.994552586904196,-0.104236066341400,-0.994552586904196
-0.106175921857357,0.994347361594733,-0.106175921857357,-0.994347361594733
-0.108151867985725,0.994134389561732,-0.108151867985725,-0.994134389561732
-0.110164597630501,0.993913365977132,-0.110164597630501,-0.993913365977132
-0.112214773893356,0.993683985550792,-0.112214773893356,-0.993683985550792
-0.114303112030029,0.993445912505821,-0.114303112030029,-0.993445912505821
-0.116430312395096,0.993198870533713,-0.116430312395096,-0.993198870533713
-0.118597097694874,0.992942462756268,-0.118597097694874,-0.992942462756268
-0.120804212987423,0.992676351671857,-0.120804212987423,-0.992676351671857
-0.123052403330803,0.992400169108160,-0.123052403330803,-0.992400169108160
-0.125342428684235,0.992113546183507,-0.125342428684235,-0.992113546183507
-0.127675071358681,0.991816053171276,-0.127675071358681,-0.991816053171276
-0.130051121115685,0.991507289538420,-0.130051121115685,-0.991507289538420
-0.132471397519112,0.991186823809981,-0.132471397519112,-0.991186823809981
-0.134936720132828,0.990854223548198,-0.134936720132828,-0.990854223548198
-0.137447908520699,0.990508995123144,-0.137447908520699,-0.990508995123144
-0.140005841851234,0.990150673844400,-0.140005841851234,-0.990150673844400
-0.142611369490623,0.989778763731050,-0.142611369490623,-0.989778763731050
-0.145265385508537,0.989392737388058,-0.145265385508537,-0.989392737388058
-0.147968798875809,0.988992035873253,-0.147968798875809,-0.988992035873253
-0.150722533464432,0.988576098700966,-0.150722533464432,-0.988576098700966
-0.153527498245239,0.988144363754066,-0.153527498245239,-0.988144363754066
-0.156384676694870,0.987696237018644,-0.156384676694870,-0.987696237018644
-0.159295022487640,0.987231032041751,-0.159295022487640,-0.987231032041751
-0.162259534001350,0.986748120617581,-0.162259534001350,-0.986748120617581
-0.165279209613800,0.986246811942591,-0.165279209613800,-0.986246811942591
-0.168355077505112,0.985726412803181,-0.168355077505112,-0.985726412803181
-0.171488195657730,0.985186166936767,-0.171488195657730,-0.985186166936767
-0.174679622054100,0.984625315250754,-0.174679622054100,-0.984625315250754
-0.177930444478989,0.984043065373143,-0.177930444478989,-0.984043065373143
-0.181241750717163,0.983438561084079,-0.181241750717163,-0.983438561084079
-0.184614688158035,0.982810972906967,-0.184614688158035,-0.982810972906967
-0.188050404191017,0.982159376624751,-0.188050404191017,-0.982159376624751
-0.191550061106682,0.981482843848615,-0.191550061106682,-0.981482843848615
-0.195114836096764,0.980780411386124,-0.195114836096764,-0.980780411386124
-0.198745951056480,0.980051050462165,-0.198745951056480,-0.980051050462165
-0.202444657683372,0.979293696638381,-0.202444657683372,-0.979293696638381
-0.206212177872658,0.978507310295185,-0.206212177872658,-0.978507310295185
-0.210049822926521,0.977690693530675,-0.210049822926521,-0.977690693530675
-0.213958889245987,0.976842672212152,-0.213958889245987,-0.976842672212152
-0.217940703034401,0.975962004095894,-0.217940703034401,-0.975962004095894
-0.221996605396271,0.975047439252510,-0.221996605396271,-0.975047439252510
-0.226128011941910,0.974097597226022,-0.226128011941910,-0.974097597226022
-0.230336293578148,0.973111088432193,-0.230336293578148,-0.973111088432193
-0.234622880816460,0.972086482941558,-0.234622880816460,-0.972086482941558
-0.238989263772964,0.971022217648600,-0.238989263772964,-0.971022217648600
-0.243436887860298,0.969916748574114,-0.243436887860298,-0.969916748574114
-0.247967287898064,0.968768396510526,-0.247967287898064,-0.968768396510526
-0.252582013607025,0.967575499523730,-0.252582013607025,-0.967575499523730
-0.257282584905624,0.966336227260896,-0.257282584905624,-0.966336227260896
-0.262070655822754,0.965048702572462,-0.262070655822754,-0.965048702572462
-0.266947835683823,0.963710969364651,-0.266947835683823,-0.963710969364651
-0.271915793418884,0.962321053008276,-0.271915793418884,-0.962321053008276
-0.276976197957993,0.960876773062904,-0.276976197957993,-0.960876773062904
-0.282130777835846,0.959375958022841,-0.282130777835846,-0.959375958022841
-0.287381261587143,0.957816288553185,-0.287381261587143,-0.957816288553185
-0.292729496955872,0.956195294928449,-0.292729496955872,-0.956195294928449
-0.298177242279053,0.954510510360297,-0.298177242279053,-0.954510510360297
-0.303726345300674,0.952759313002839,-0.303726345300674,-0.952759313002839
-0.309378743171692,0.950938891442090,-0.309378743171692,-0.950938891442090
-0.315136343240738,0.949046397947113,-0.315136343240738,-0.949046397947113
-0.321001082658768,0.947078820125658,-0.321001082658768,-0.947078820125658
-0.326974987983704,0.945033008463176,-0.326974987983704,-0.945033008463176
-0.333060026168823,0.942905609115470,-0.333060026168823,-0.942905609115470
-0.339258342981339,0.940693248921554,-0.339258342981339,-0.940693248921554
-0.345571994781494,0.938392246360730,-0.345571994781494,-0.938392246360730
-0.352003157138824,0.935998795528941,-0.352003157138824,-0.935998795528941
-0.358553975820541,0.933508992836804,-0.358553975820541,-0.933508992836804
-0.365226745605469,0.930918607696166,-0.365226745605469,-0.930918607696166
-0.372023671865463,0.928223234173446,-0.372023671865463,-0.928223234173446
-0.378947079181671,0.925418348046060,-0.378947079181671,-0.925418348046060
-0.385999351739883,0.922499041362978,-0.385999351739883,-0.922499041362978
-0.393182873725891,0.919460302320516,-0.393182873725891,-0.919460302320516
-0.400500088930130,0.916296714486986,-0.400500088930130,-0.916296714486986
-0.407953441143036,0.913002736589941,-0.407953441143036,-0.913002736589941
-0.415545523166656,0.909572364914577,-0.415545523166656,-0.909572364914577
-0.423278898000717,0.905999444986641,-0.423278898000717,-0.905999444986641
-0.431156188249588,0.902277295856864,-0.431156188249588,-0.902277295856864
-0.439180076122284,0.898399053663212,-0.439180076122284,-0.898399053663212
-0.447353303432465,0.894357322875390,-0.447353303432465,-0.894357322875390
-0.455678611993790,0.890144352296876,-0.455678611993790,-0.890144352296876
-0.464158892631531,0.885751944996041,-0.464158892631531,-0.885751944996041
-0.472796946763992,0.881171397498125,-0.472796946763992,-0.881171397498125
-0.481595784425735,0.876393468814281,-0.481595784425735,-0.876393468814281
-0.490558356046677,0.871408345844279,-0.490558356046677,-0.871408345844279
-0.499687731266022,0.866205604648624,-0.499687731266022,-0.866205604648624
-0.508987009525299,0.860774201623765,-0.508987009525299,-0.860774201623765
-0.518459379673004,0.855102251530666,-0.518459379673004,-0.855102251530666
-0.528108000755310,0.849177213353133,-0.528108000755310,-0.849177213353133
-0.537936151027679,0.842985583995491,-0.537936151027679,-0.842985583995491
-0.547947227954865,0.836512893442862,-0.547947227954865,-0.836512893442862
-0.558144629001617,0.829743656765195,-0.558144629001617,-0.829743656765195
-0.568531811237335,0.822661279733611,-0.568531811237335,-0.822661279733611
-0.579112291336060,0.815247804378488,-0.579112291336060,-0.815247804378488
-0.589889645576477,0.807483888116959,-0.589889645576477,-0.807483888116959
-0.600867569446564,0.799348582352440,-0.600867569446564,-0.799348582352440
-0.612049818038940,0.790819233191487,-0.612049818038940,-0.790819233191487
-0.623440206050873,0.781871014774695,-0.623440206050873,-0.781871014774695
-0.635042488574982,0.772477218514225,-0.635042488574982,-0.772477218514225
-0.646860778331757,0.762608092103889,-0.646860778331757,-0.762608092103889
-0.658898949623108,0.752231457213914,-0.658898949623108,-0.752231457213914
-0.671161174774170,0.741311449717032,-0.671161174774170,-0.741311449717032
-0.683651626110077,0.729808488572636,-0.683651626110077,-0.729808488572636
-0.696374475955963,0.717678598379455,-0.696374475955963,-0.717678598379455
-0.709334135055542,0.704872376070586,-0.709334135055542,-0.704872376070586
-0.722534954547882,0.691334392024744,-0.722534954547882,-0.691334392024744
-0.735981464385986,0.677001688998776,-0.735981464385986,-0.677001688998776
-0.749678194522858,0.661802552736650,-0.749678194522858,-0.661802552736650
-0.763629853725433,0.645654289489668,-0.763629853725433,-0.645654289489668
-0.777841091156006,0.628461028597106,-0.777841091156006,-0.628461028597106
-0.792316854000092,0.610109815405844,-0.792316854000092,-0.610109815405844
-0.807062029838562,0.590466656727852,-0.807062029838562,-0.590466656727852
-0.822081565856934,0.569369751856848,-0.822081565856934,-0.569369751856848
-0.837380647659302,0.546620227868783,-0.837380647659302,-0.546620227868783
-0.852964460849762,0.521969002121213,-0.852964460849762,-0.521969002121213
-0.868838250637054,0.495096059495119,-0.868838250637054,-0.495096059495119
-0.885007500648499,0.465576747979946,-0.885007500648499,-0.465576747979946
-0.901477634906769,0.432825662571139,-0.901477634906769,-0.432825662571139
-0.918254256248474,0.395991277136243,-0.918254256248474,-0.395991277136243
-0.935343146324158,0.353741736837870,-0.935343146324158,-0.353741736837870
-0.952750027179718,0.303755484009519,-0.952750027179718,-0.303755484009519
-0.970480859279633,0.241178193746374,-0.970480859279633,-0.241178193746374
-0.988541722297668,0.150947826656176,-0.988541722297668,-0.150947826656176
-0.888933024097510,-0.000000000000000,-1.124944144149949,-0.000000000000000
-0.797609533553082,-0.000000000000000,-1.253746298073115,-0.000000000000000
-0.742216929785333,-0.000000000000000,-1.347314996289865,-0.000000000000000
-0.700147024689070,-0.000000000000000,-1.428271441193500,-0.000000000000000
-0.665580148733136,-0.000000000000000,-1.502448656113615,-0.000000000000000
-0.635966616989568,-0.000000000000000,-1.572409578247411,-0.000000000000000
-0.609922975695588,-0.000000000000000,-1.639551287372883,-0.000000000000000
-0.586600887138698,-0.000000000000000,-1.704736596764739,-0.000000000000000
-0.565437487360496,-0.000000000000000,-1.768542097673915,-0.000000000000000
-0.546036716212094,-0.000000000000000,-1.831378678959704,-0.000000000000000
-0.528108227956253,-0.000000000000000,-1.893551259123417,-0.000000000000000
-0.511431699151829,-0.000000000000000,-1.955295304648548,-0.000000000000000
-0.495835522435042,-0.000000000000000,-2.016797818536703,-0.000000000000000
-0.481183237457999,-0.000000000000000,-2.078210382561981,-0.000000000000000
-0.467363842099789,-0.000000000000000,-2.139660602555741,-0.000000000000000
-0.454286217617977,-0.000000000000000,-2.201255422723237,-0.000000000000000
-0.441874192501339,-0.000000000000000,-2.263087586851930,-0.000000000000000
-0.430063508774782,-0.000000000000000,-2.325237969733642,-0.000000000000000
-0.418799238151890,-0.000000000000000,-2.387778937738468,-0.000000000000000
-0.408034238019362,-0.000000000000000,-2.450774731194368,-0.000000000000000
-0.397727438290586,-0.000000000000000,-2.514284667655704,-0.000000000000000
-0.387843130069203,-0.000000000000000,-2.578362029569971,-0.000000000000000
-0.378349778934690,-0.000000000000000,-2.643056916316103,-0.000000000000000
-0.369219489061150,-0.000000000000000,-2.708416076688685,-0.000000000000000
-0.360427458082234,-0.000000000000000,-2.774483401794107,-0.000000000000000
-0.351951492768535,-0.000000000000000,-2.841300635305616,-0.000000000000000
-0.343771678497455,-0.000000000000000,-2.908907459656841,-0.000000000000000
-0.335870065330754,-0.000000000000000,-2.977341845023412,-0.000000000000000
-0.328230344037482,-0.000000000000000,-3.046640928133708,-0.000000000000000
-0.320837703698993,-0.000000000000000,-3.116840659532311,-0.000000000000000
-0.313678705033128,-0.000000000000000,-3.187975415463372,-0.000000000000000
-0.306740993589032,-0.000000000000000,-3.260079418467906,-0.000000000000000
-0.300013217943899,-0.000000000000000,-3.333186473760620,-0.000000000000000
-0.293485017403175,-0.000000000000000,-3.407328962985014,-0.000000000000000
-0.287146740552502,-0.000000000000000,-3.482539965718884,-0.000000000000000
-0.280989496918951,-0.000000000000000,-3.558851882241144,-0.000000000000000
-0.275005091813167,-0.000000000000000,-3.636296307849390,-0.000000000000000
-0.269185840108756,-0.000000000000000,-3.714905656240984,-0.000000000000000
-0.263524647332777,-0.000000000000000,-3.794711462936552,-0.000000000000000
-0.258014876326881,-0.000000000000000,-3.875745516057354,-0.000000000000000
-0.252650291532384,-0.000000000000000,-3.958040158729933,-0.000000000000000
-0.247425113834313,-0.000000000000000,-4.041626916941198,-0.000000000000000
-0.242333872213219,-0.000000000000000,-4.126538279057188,-0.000000000000000
-0.237371471057172,-0.000000000000000,-4.212806179050662,-0.000000000000000
-0.232533099335311,-0.000000000000000,-4.300463043147282,-0.000000000000000
-0.227814220519372,-0.000000000000000,-4.389541608597550,-0.000000000000000
-0.223210544052587,-0.000000000000000,-4.480075097905790,-0.000000000000000
-0.218718023942196,-0.000000000000000,-4.572096903473697,-0.000000000000000
-0.214332888289680,-0.000000000000000,-4.665639547806855,-0.000000000000000
-0.210051447945320,-0.000000000000000,-4.760738427569985,-0.000000000000000
-0.205870332529287,-0.000000000000000,-4.857426457295587,-0.000000000000000
-0.201786241452456,-0.000000000000000,-4.955739265482159,-0.000000000000000
-0.197796074799040,-0.000000000000000,-5.055712056045572,-0.000000000000000
-0.193896903080993,-0.000000000000000,-5.157379948365085,-0.000000000000000
-0.190085905437120,-0.000000000000000,-5.260779318174102,-0.000000000000000
-0.186360420277190,-0.000000000000000,-5.365946258935308,-0.000000000000000
-0.182717885156172,-0.000000000000000,-5.472917985807930,-0.000000000000000
-0.179155852383971,-0.000000000000000,-5.581732255426294,-0.000000000000000
-0.175671985291593,-0.000000000000000,-5.692427271998590,-0.000000000000000
-0.172264044409132,-0.000000000000000,-5.805041925202755,-0.000000000000000
-0.168929919577945,-0.000000000000000,-5.919614491609307,-0.000000000000000
-0.165667535074529,-0.000000000000000,-6.036185662749977,-0.000000000000000
-0.162474926952620,-0.000000000000000,-6.154795812227779,-0.000000000000000
-0.159350202986611,-0.000000000000000,-6.275486201194369,-0.000000000000000
-0.156291559444782,-0.000000000000000,-6.398298177793148,-0.000000000000000
-0.153297242088545,-0.000000000000000,-6.523274563689763,-0.000000000000000
-0.150365582477248,-0.000000000000000,-6.650458060449498,-0.000000000000000
-0.147494946693472,-0.000000000000000,-6.779893294095197,-0.000000000000000
-0.144683787549960,-0.000000000000000,-6.911624425471258,-0.000000000000000
-0.141930604827375,-0.000000000000000,-7.045696741842680,-0.000000000000000
-0.139233953929731,-0.000000000000000,-7.182156160735656,-0.000000000000000
-0.136592426464990,-0.000000000000000,-7.321050118809536,-0.000000000000000
-0.134004676851440,-0.000000000000000,-7.462426114490180,-0.000000000000000
-0.131469409881693,-0.000000000000000,-7.606332156658194,-0.000000000000000
-0.128985355236812,-0.000000000000000,-7.752818125468879,-0.000000000000000
-0.126551298818694,-0.000000000000000,-7.901933914030105,-0.000000000000000
-0.124166063113580,-0.000000000000000,-8.053730422984049,-0.000000000000000
-0.121828499266841,-0.000000000000000,-8.208260021406826,-0.000000000000000
-0.119537499509921,-0.000000000000000,-8.365575690471946,-0.000000000000000
-0.117292002849759,-0.000000000000000,-8.525730447973650,-0.000000000000000
-0.115090965588036,-0.000000000000000,-8.688779305053943,-0.000000000000000
-0.112933379229678,-0.000000000000000,-8.854777983453914,-0.000000000000000
-0.110818251759427,-0.000000000000000,-9.023784296569451,-0.000000000000000
-0.108744655567892,-0.000000000000000,-9.195854221779854,-0.000000000000000
-0.106711655016718,-0.000000000000000,-9.371047612777943,-0.000000000000000
-0.104718356541341,-0.000000000000000,-9.549424122266680,-0.000000000000000
-0.102763906787336,-0.000000000000000,-9.731043040913594,-0.000000000000000
-0.100847433186305,-0.000000000000000,-9.915968789732119,-0.000000000000000
-0.098968131536954,-0.000000000000000,-10.104262700226959,-0.000000000000000
-0.097125201409408,-0.000000000000000,-10.295988945080738,-0.000000000000000
-0.095317847563933,-0.000000000000000,-10.491214662912625,-0.000000000000000
-0.093545334872326,-0.000000000000000,-10.690003957598101,-0.000000000000000
-0.091806912274378,-0.000000000000000,-10.892426019201679,-0.000000000000000
-0.090101866500713,-0.000000000000000,-11.098549218090721,-0.000000000000000
-0.088429488095440,-0.000000000000000,-11.308444971667415,-0.000000000000000
-0.086789113632835,-0.000000000000000,-11.522182427516706,-0.000000000000000
-0.085180059255689,-0.000000000000000,-11.739836867197500,-0.000000000000000
-0.083601692413499,-0.000000000000000,-11.961480337669919,-0.000000000000000
-0.082053369666045,-0.000000000000000,-12.187189923704228,-0.000000000000000
-0.080534482048082,-0.000000000000000,-12.417041428328366,-0.000000000000000
-0.079044426531428,-0.000000000000000,-12.651113353354605,-0.000000000000000
-0.077582612674097,-0.000000000000000,-12.889486001209006,-0.000000000000000
-0.076148472620010,-0.000000000000000,-13.132239762577049,-0.000000000000000
-0.074741451823411,-0.000000000000000,-13.379456454266723,-0.000000000000000
-0.073360993626756,-0.000000000000000,-13.631222132674093,-0.000000000000000
-0.072006570659350,-0.000000000000000,-13.887621516247673,-0.000000000000000
-0.070677667292283,-0.000000000000000,-14.148740872623350,-0.000000000000000
-0.069373763263161,-0.000000000000000,-14.414671382416198,-0.000000000000000
-0.068094374014084,-0.000000000000000,-14.685501034096697,-0.000000000000000
-0.066839008538101,-0.000000000000000,-14.961323063760855,-0.000000000000000
-0.065607193054108,-0.000000000000000,-15.242231125103496,-0.000000000000000
-0.064398460195503,-0.000000000000000,-15.528321592848222,-0.000000000000000
-0.063212360504743,-0.000000000000000,-15.819690832854842,-0.000000000000000
-0.062048444881413,-0.000000000000000,-16.116439371062345,-0.000000000000000
-0.060906288488372,-0.000000000000000,-16.418665868811051,-0.000000000000000
-0.059785466636518,-0.000000000000000,-16.726473108920885,-0.000000000000000
-0.058685555849193,-0.000000000000000,-17.039968106798767,-0.000000000000000
-0.057606153980392,-0.000000000000000,-17.359256449239524,-0.000000000000000
-0.056546863679781,-0.000000000000000,-17.684446756638785,-0.000000000000000
-0.055507294114624,-0.000000000000000,-18.015650302372329,-0.000000000000000
-0.054487076535675,-0.000000000000000,-18.352975853737760,-0.000000000000000
-0.053485818110354,-0.000000000000000,-18.696544903487521,-0.000000000000000
-0.052503175245245,-0.000000000000000,-19.046467100874292,-0.000000000000000
-0.051538772728491,-0.000000000000000,-19.402867919809502,-0.000000000000000
-0.050592274643261,-0.000000000000000,-19.765863603707327,-0.000000000000000
-0.049663331536368,-0.000000000000000,-20.135580297662933,-0.000000000000000
-0.048751611523721,-0.000000000000000,-20.512142445043846,-0.000000000000000
-0.047856781592649,-0.000000000000000,-20.895680125585308,-0.000000000000000
-0.046978526306454,-0.000000000000000,-21.286321190169410,-0.000000000000000
-0.046116528166256,-0.000000000000000,-21.684199564955705,-0.000000000000000
-0.045270480897304,-0.000000000000000,-22.089449464177122,-0.000000000000000
-0.044440076126962,-0.000000000000000,-22.502211678104789,-0.000000000000000
-0.043625025401286,-0.000000000000000,-22.922622756123626,-0.000000000000000
-0.042825031938333,-0.000000000000000,-23.350829053437025,-0.000000000000000
-0.042039815565317,-0.000000000000000,-23.786974004353269,-0.000000000000000
-0.041269095934921,-0.000000000000000,-24.231206847296747,-0.000000000000000
-0.040512599479495,-0.000000000000000,-24.683678975132864,-0.000000000000000
-0.039770060686051,-0.000000000000000,-25.144542974025207,-0.000000000000000
-0.039041217811521,-0.000000000000000,-25.613955098114580,-0.000000000000000
-0.038325809713125,-0.000000000000000,-26.092077570836818,-0.000000000000000
-0.037623586051721,-0.000000000000000,-26.579071931774767,-0.000000000000000
-0.036934302756309,-0.000000000000000,-27.075101609416066,-0.000000000000000
-0.036257713012721,-0.000000000000000,-27.580338551666067,-0.000000000000000
-0.035593584277784,-0.000000000000000,-28.094950825847334,-0.000000000000000
-0.034941679421847,-0.000000000000000,-28.619116669439403,-0.000000000000000
-0.034301769249880,-0.000000000000000,-29.153015190419289,-0.000000000000000
-0.033673634977542,-0.000000000000000,-29.696823662397584,-0.000000000000000
-0.033057053934626,-0.000000000000000,-30.250729601542972,-0.000000000000000
-0.032451812038873,-0.000000000000000,-30.814920251668298,-0.000000000000000
-0.031857695485574,-0.000000000000000,-31.389590011394056,-0.000000000000000
-0.031274499943521,-0.000000000000000,-31.974931711327987,-0.000000000000000
-0.030702020474084,-0.000000000000000,-32.571146281532847,-0.000000000000000
-0.030140061461854,-0.000000000000000,-33.178432673922245,-0.000000000000000
-0.029588422390303,-0.000000000000000,-33.797002990187266,-0.000000000000000
-0.029046917310218,-0.000000000000000,-34.427061203091043,-0.000000000000000
-0.028515352825251,-0.000000000000000,-35.068827874171468,-0.000000000000000
-0.027993547945373,-0.000000000000000,-35.722517272602119,-0.000000000000000
-0.027481321805817,-0.000000000000000,-36.388351588980534,-0.000000000000000
-0.026978493960484,-0.000000000000000,-37.066561293774079,-0.000000000000000
-0.026484895061476,-0.000000000000000,-37.757370670293916,-0.000000000000000
-0.026000351631520,-0.000000000000000,-38.461018303603176,-0.000000000000000
-0.025524695089415,-0.000000000000000,-39.177745179596116,-0.000000000000000
-0.025057763290531,-0.000000000000000,-39.907791785146131,-0.000000000000000
-0.024599394655002,-0.000000000000000,-40.651406834381135,-0.000000000000000
-0.024149429480788,-0.000000000000000,-41.408845736731251,-0.000000000000000
-0.023707716180080,-0.000000000000000,-42.180359862761662,-0.000000000000000
-0.023274097347812,-0.000000000000000,-42.966220560816573,-0.000000000000000
-0.022848427977273,-0.000000000000000,-43.766687187174782,-0.000000000000000
-0.022430559767492,-0.000000000000000,-44.582034972184587,-0.000000000000000
-0.022020348114655,-0.000000000000000,-45.412542744249080,-0.000000000000000
-0.021617652233951,-0.000000000000000,-46.258492327371854,-0.000000000000000
-0.021222336064805,-0.000000000000000,-47.120166080980994,-0.000000000000000
-0.020834261475078,-0.000000000000000,-47.997861656686112,-0.000000000000000
-0.020453293511632,-0.000000000000000,-48.891881370170083,-0.000000000000000
-0.020079304610802,-0.000000000000000,-49.802521520691528,-0.000000000000000
-0.019712163983617,-0.000000000000000,-50.730097458154532,-0.000000000000000
-0.019351747772507,-0.000000000000000,-51.674919069620969,-0.000000000000000
-0.018997930331989,-0.000000000000000,-52.637312724331963,-0.000000000000000
-0.018650591409903,-0.000000000000000,-53.617602681972912,-0.000000000000000
-0.018309611178440,-0.000000000000000,-54.616124299651922,-0.000000000000000
-0.017974874141461,-0.000000000000000,-55.633212902079080,-0.000000000000000
-0.017646263527251,-0.000000000000000,-56.669220566480000,-0.000000000000000
-0.017323668655934,-0.000000000000000,-57.724493573562242,-0.000000000000000
-0.017006977642876,-0.000000000000000,-58.799395224636690,-0.000000000000000
-0.016696081944907,-0.000000000000000,-59.894291564914973,-0.000000000000000
-0.016390876830467,-0.000000000000000,-61.009548808349507,-0.000000000000000
-0.016091255939964,-0.000000000000000,-62.145553071242446,-0.000000000000000
-0.015797118520748,-0.000000000000000,-63.302683884189534,-0.000000000000000
-0.015508362209457,-0.000000000000000,-64.481341517171501,-0.000000000000000
-0.015224890137113,-0.000000000000000,-65.681918949440558,-0.000000000000000
-0.014946602429832,-0.000000000000000,-66.904837048724943,-0.000000000000000
-0.014673407650085,-0.000000000000000,-68.150495361874704,-0.000000000000000
-0.014405208983020,-0.000000000000000,-69.419333046731396,-0.000000000000000
-0.014141918376718,-0.000000000000000,-70.711764370407934,-0.000000000000000
-0.013883442367117,-0.000000000000000,-72.028245845463800,-0.000000000000000
-0.013629693456337,-0.000000000000000,-73.369221633890533,-0.000000000000000
-0.013380588063159,-0.000000000000000,-74.735130868673721,-0.000000000000000
-0.013136037314615,-0.000000000000000,-76.126458539166862,-0.000000000000000
-0.012895958079764,-0.000000000000000,-77.543676384089537,-0.000000000000000
-0.012660271504994,-0.000000000000000,-78.987247596192873,-0.000000000000000
-0.012428894337786,-0.000000000000000,-80.457679727777418,-0.000000000000000
-0.012201747684053,-0.000000000000000,-81.955472764523535,-0.000000000000000
-0.011978755828006,-0.000000000000000,-83.481123946282381,-0.000000000000000
-0.011759840294618,-0.000000000000000,-85.035168416158257,-0.000000000000000
-0.011544928931197,-0.000000000000000,-86.618116573914207,-0.000000000000000
-0.011333945790119,-0.000000000000000,-88.230526113140314,-0.000000000000000
-0.011126821031061,-0.000000000000000,-89.872929312731884,-0.000000000000000
-0.010923483814443,-0.000000000000000,-91.545885633832739,-0.000000000000000
-0.010723863709248,-0.000000000000000,-93.249972874764197,-0.000000000000000
-0.010527892578073,-0.000000000000000,-94.985771614233954,-0.000000000000000
-0.010335505477693,-0.000000000000000,-96.753855160570467,-0.000000000000000
-0.010146634167808,-0.000000000000000,-98.554849170839447,-0.000000000000000
-0.009961217114856,-0.000000000000000,-100.389338819714951,-0.000000000000000
-0.009779188443263,-0.000000000000000,-102.257974248254953,-0.000000000000000
-0.009600487814226,-0.000000000000000,-104.161373812510575,-0.000000000000000
-0.009425054052504,-0.000000000000000,-106.100187269937479,-0.000000000000000
-0.009252827312710,-0.000000000000000,-108.075074374980161,-0.000000000000000
-0.009083748546940,-0.000000000000000,-110.086710880710086,-0.000000000000000
-0.008917760120119,-0.000000000000000,-112.135781466458269,-0.000000000000000
-0.008754806266482,-0.000000000000000,-114.222973023228079,-0.000000000000000
-0.008594830388624,-0.000000000000000,-116.349009204829684,-0.000000000000000
-0.008437779364421,-0.000000000000000,-118.514594517205239,-0.000000000000000
-0.008283598308383,-0.000000000000000,-120.720484356173500,-0.000000000000000
-0.008132235130895,-0.000000000000000,-122.967423334930800,-0.000000000000000
-0.007983638783046,-0.000000000000000,-125.256167917269309,-0.000000000000000
-0.007837758415617,-0.000000000000000,-127.587499763635293,-0.000000000000000
-0.007694544097916,-0.000000000000000,-129.962215730345264,-0.000000000000000
-0.007553947460842,-0.000000000000000,-132.381116652430137,-0.000000000000000
-0.007415920344968,-0.000000000000000,-134.845029811918948,-0.000000000000000
-0.007280415638228,-0.000000000000000,-137.354795342901525,-0.000000000000000
-0.007147388086777,-0.000000000000000,-139.911249796269715,-0.000000000000000
-0.007016790976067,-0.000000000000000,-142.515289882626945,-0.000000000000000
-0.006888581018096,-0.000000000000000,-145.167778004358183,-0.000000000000000
-0.006762713313024,-0.000000000000000,-147.869642510822644,-0.000000000000000
-0.006639146779974,-0.000000000000000,-150.621764082147848,-0.000000000000000
-0.006517838025415,-0.000000000000000,-153.425107543433512,-0.000000000000000
-0.006398746031195,-0.000000000000000,-156.280620472317366,-0.000000000000000
-0.006281830820679,-0.000000000000000,-159.189260033568473,-0.000000000000000
-0.006167051742122,-0.000000000000000,-162.152036631986959,-0.000000000000000
-0.006054370402431,-0.000000000000000,-165.169940642953236,-0.000000000000000
-0.005943748584133,-0.000000000000000,-168.243993810490792,-0.000000000000000
-0.005835147693125,-0.000000000000000,-171.375268046475981,-0.000000000000000
-0.005728531807607,-0.000000000000000,-174.564798378550933,-0.000000000000000
-0.005623863722972,-0.000000000000000,-177.813696998975161,-0.000000000000000
-0.005521108476754,-0.000000000000000,-181.123048788195490,-0.000000000000000
-0.005420230884996,-0.000000000000000,-184.493985813071390,-0.000000000000000
-0.005321196824280,-0.000000000000000,-187.927647298641773,-0.000000000000000
-0.005223972232427,-0.000000000000000,-191.425213517155157,-0.000000000000000
-0.005128524641243,-0.000000000000000,-194.987851273652240,-0.000000000000000
-0.005034820626898,-0.000000000000000,-198.616807649025446,-0.000000000000000
-0.004942829245861,-0.000000000000000,-202.313280564421916,-0.000000000000000
-0.004852518525352,-0.000000000000000,-206.078553801586224,-0.000000000000000
-0.004763858469561,-0.000000000000000,-209.913876826867977,-0.000000000000000
-0.004676817987194,-0.000000000000000,-213.820593988932558,-0.000000000000000
-0.004591368089236,-0.000000000000000,-217.800006569819516,-0.000000000000000
-0.004507479736239,-0.000000000000000,-221.853465465455031,-0.000000000000000
-0.004425124141876,-0.000000000000000,-225.982360706403313,-0.000000000000000
-0.004344273208461,-0.000000000000000,-230.188100981388061,-0.000000000000000
-0.004264899785775,-0.000000000000000,-234.472097875648331,-0.000000000000000
-0.004186976569201,-0.000000000000000,-238.835824245112207,-0.000000000000000
-0.004110477179317,-0.000000000000000,-243.280757044866760,-0.000000000000000
-0.004035375675664,-0.000000000000000,-247.808402580874599,-0.000000000000000
-0.003961646618653,-0.000000000000000,-252.420292938681342,-0.000000000000000
-0.003889264433702,-0.000000000000000,-257.118027597847231,-0.000000000000000
-0.003818204695619,-0.000000000000000,-261.903192656826718,-0.000000000000000
-0.003748443725294,-0.000000000000000,-266.777381037409100,-0.000000000000000
-0.003679957165704,-0.000000000000000,-271.742293448295186,-0.000000000000000
-0.003612721861531,-0.000000000000000,-276.799609360520662,-0.000000000000000
-0.003546715388965,-0.000000000000000,-281.951013918797571,-0.000000000000000
-0.003481914720201,-0.000000000000000,-287.198303335350943,-0.000000000000000
-0.003418298081080,-0.000000000000000,-292.543241192140954,-0.000000000000000
-0.003355843492595,-0.000000000000000,-297.987674993368955,-0.000000000000000
-0.003294530505269,-0.000000000000000,-303.533386138244737,-0.000000000000000
-0.003234337662746,-0.000000000000000,-309.182313126477652,-0.000000000000000
-0.003175244601646,-0.000000000000000,-314.936367258631037,-0.000000000000000
-0.003117231137412,-0.000000000000000,-320.797514178028337,-0.000000000000000
-0.003060277807852,-0.000000000000000,-326.767719399232249,-0.000000000000000
-0.003004365190144,-0.000000000000000,-332.849016917256108,-0.000000000000000
-0.002949473776844,-0.000000000000000,-339.043529680119207,-0.000000000000000
-0.002895585697188,-0.000000000000000,-345.353273768119891,-0.000000000000000
-0.002842681870815,-0.000000000000000,-351.780482461583347,-0.000000000000000
-0.002790744758756,-0.000000000000000,-358.327287675663456,-0.000000000000000
-0.002739756692962,-0.000000000000000,-364.995914625869432,-0.000000000000000
-0.002689700344075,-0.000000000000000,-371.788627756608776,-0.000000000000000
-0.002640558151608,-0.000000000000000,-378.707811979471444,-0.000000000000000
-0.002592314188682,-0.000000000000000,-385.755709846407512,-0.000000000000000
-0.002544951662285,-0.000000000000000,-392.934771539956500,-0.000000000000000
-0.002498454288981,-0.000000000000000,-400.247466767843775,-0.000000000000000
-0.002452806678416,-0.000000000000000,-407.696215441643858,-0.000000000000000
-0.002407992986559,-0.000000000000000,-415.283601564371907,-0.000000000000000
-0.002363998061471,-0.000000000000000,-423.012191210384458,-0.000000000000000
-0.002320806952330,-0.000000000000000,-430.884610629153030,-0.000000000000000
-0.002278404911397,-0.000000000000000,-438.903548266550729,-0.000000000000000
-0.002236777649491,-0.000000000000000,-447.071706133802536,-0.000000000000000
-0.002195911074071,-0.000000000000000,-455.391847059639190,-0.000000000000000
-0.002155790976925,-0.000000000000000,-463.866864043771272,-0.000000000000000
-0.002116404059992,-0.000000000000000,-472.499566081819808,-0.000000000000000
-0.002077736570984,-0.000000000000000,-481.292967532612806,-0.000000000000000
-0.002039775744283,-0.000000000000000,-490.249971254330148,-0.000000000000000
-0.002002508464084,-0.000000000000000,-499.373669542618813,-0.000000000000000
-0.001965921951448,-0.000000000000000,-508.667192643905423,-0.000000000000000
-0.001930004024990,-0.000000000000000,-518.133634465009891,-0.000000000000000
-0.001894742374538,-0.000000000000000,-527.776236726560228,-0.000000000000000
-0.001860124717450,-0.000000000000000,-537.598361345689455,-0.000000000000000
-0.001826139752534,-0.000000000000000,-547.603215258924820,-0.000000000000000
-0.001792775616396,-0.000000000000000,-557.794288841443176,-0.000000000000000
-0.001760021148383,-0.000000000000000,-568.174990919206380,-0.000000000000000
-0.001727865091587,-0.000000000000000,-578.748887785700845,-0.000000000000000
-0.001696296617323,-0.000000000000000,-589.519539087419844,-0.000000000000000
-0.001665304702638,-0.000000000000000,-600.490708046280815,-0.000000000000000
-0.001634879259071,-0.000000000000000,-611.665965209166643,-0.000000000000000
-0.001605009597207,-0.000000000000000,-623.049233936239261,-0.000000000000000
-0.001575685628639,-0.000000000000000,-634.644361682763929,-0.000000000000000
-0.001546897510224,-0.000000000000000,-646.455239206468150,-0.000000000000000
-0.001518635234861,-0.000000000000000,-658.485972829074399,-0.000000000000000
-0.001490889510644,-0.000000000000000,-670.740516222467363,-0.000000000000000
-0.001463650527293,-0.000000000000000,-683.223202091657186,-0.000000000000000
-0.001436909313914,-0.000000000000000,-695.938143288946094,-0.000000000000000
-0.001410656677729,-0.000000000000000,-708.889707742036194,-0.000000000000000
-0.001384883577326,-0.000000000000000,-722.082358670756776,-0.000000000000000
-0.001359581439817,-0.000000000000000,-735.520484991965532,-0.000000000000000
-0.001334741579309,-0.000000000000000,-749.208697400383585,-0.000000000000000
-0.001310355557191,-0.000000000000000,-763.151645759385701,-0.000000000000000
-0.001286415110475,-0.000000000000000,-777.354053024794439,-0.000000000000000
-0.001262911992656,-0.000000000000000,-791.820812388238778,-0.000000000000000
-0.001239838386744,-0.000000000000000,-806.556734080322713,-0.000000000000000
-0.001217186250867,-0.000000000000000,-821.566953527177020,-0.000000000000000
-0.001194947944618,-0.000000000000000,-836.856537980606390,-0.000000000000000
-0.001173116031711,-0.000000000000000,-852.430597629250656,-0.000000000000000
-0.001151682991419,-0.000000000000000,-868.294493754320797,-0.000000000000000
-0.001130641506454,-0.000000000000000,-884.453643610026347,-0.000000000000000
-0.001109984398645,-0.000000000000000,-900.913563488966588,-0.000000000000000
-0.001089704764115,-0.000000000000000,-917.679754123553494,-0.000000000000000
-0.001069795650604,-0.000000000000000,-934.757960022951011,-0.000000000000000
-0.001050250301319,-0.000000000000000,-952.153975813028183,-0.000000000000000
-0.001031061987052,-0.000000000000000,-969.873792806080246,-0.000000000000000
-0.001012224266121,-0.000000000000000,-987.923361916532372,-0.000000000000000
-0.000993730732239,-0.000000000000000,-1006.308819439316721,-0.000000000000000
-0.000975575120929,-0.000000000000000,-1025.036389866344962,-0.000000000000000
-0.000957751149976,-0.000000000000000,-1044.112554732907029,-0.000000000000000
-0.000940252828096,-0.000000000000000,-1063.543730068331342,-0.000000000000000
-0.000923074252811,-0.000000000000000,-1083.336467196400463,-0.000000000000000
-0.000906209471844,-0.000000000000000,-1103.497625074547614,-0.000000000000000
-0.000889652875760,-0.000000000000000,-1124.033909456607034,-0.000000000000000
-0.000873398764147,-0.000000000000000,-1144.952387214283590,-0.000000000000000
-0.000857441632341,-0.000000000000000,-1166.260142127309791,-0.000000000000000
-0.000841776003498,-0.000000000000000,-1187.964489180273631,-0.000000000000000
-0.000826396574693,-0.000000000000000,-1210.072779369290856,-0.000000000000000
-0.000811298173683,-0.000000000000000,-1232.592445586361464,-0.000000000000000
-0.000796475643562,-0.000000000000000,-1255.531174221272977,-0.000000000000000
-0.000781923841205,-0.000000000000000,-1278.896929985543011,-0.000000000000000
-0.000767637931042,-0.000000000000000,-1302.697482187872993,-0.000000000000000
-0.000753613069777,-0.000000000000000,-1326.940893284295726,-0.000000000000000
-0.000739844437994,-0.000000000000000,-1351.635490713875242,-0.000000000000000
-0.000726327345451,-0.000000000000000,-1376.789688923469839,-0.000000000000000
-0.000713057220742,-0.000000000000000,-1402.411995714847990,-0.000000000000000
-0.000700029538345,-0.000000000000000,-1428.511148777439530,-0.000000000000000
-0.000687239891163,-0.000000000000000,-1455.095975741221537,-0.000000000000000
-0.000674683892239,-0.000000000000000,-1482.175595865865034,-0.000000000000000
-0.000662357264839,-0.000000000000000,-1509.759238834609732,-0.000000000000000
-0.000650255920542,-0.000000000000000,-1537.856047765021231,-0.000000000000000
-0.000638375599535,-0.000000000000000,-1566.475912815286847,-0.000000000000000
-0.000626712388642,-0.000000000000000,-1595.628262857571599,-0.000000000000000
-0.000615262223104,-0.000000000000000,-1625.323256406507880,-0.000000000000000
-0.000604021278283,-0.000000000000000,-1655.570815060410041,-0.000000000000000
-0.000592985719856,-0.000000000000000,-1686.381250871114389,-0.000000000000000
-0.000582151747486,-0.000000000000000,-1717.765177753842636,-0.000000000000000
-0.000571515748460,-0.000000000000000,-1749.733061065178163,-0.000000000000000
-0.000561074051017,-0.000000000000000,-1782.295934355602640,-0.000000000000000
-0.000550823138840,-0.000000000000000,-1815.464764434536391,-0.000000000000000
-0.000540759496470,-0.000000000000000,-1849.250926757395973,-0.000000000000000
-0.000530879757578,-0.000000000000000,-1883.665718509899762,-0.000000000000000
-0.000521180468405,-0.000000000000000,-1918.721173607867968,-0.000000000000000
-0.000511658408472,-0.000000000000000,-1954.428938215652579,-0.000000000000000
-0.000502310339833,-0.000000000000000,-1990.801145628725180,-0.000000000000000
-0.000493133039019,-0.000000000000000,-2027.850338295217625,-0.000000000000000
-0.000484123441581,-0.000000000000000,-2065.588885212321657,-0.000000000000000
-0.000475278382588,-0.000000000000000,-2104.030051936003019,-0.000000000000000
-0.000466594994877,-0.000000000000000,-2143.186298565938159,-0.000000000000000
-0.000458070235791,-0.000000000000000,-2183.071332439048092,-0.000000000000000
-0.000449701202704,-0.000000000000000,-2223.698744824589994,-0.000000000000000
-0.000441485101549,-0.000000000000000,-2265.082097881408117,-0.000000000000000
-0.000433419097256,-0.000000000000000,-2307.235667117601224,-0.000000000000000
-0.000425500425994,-0.000000000000000,-2350.173910319750576,-0.000000000000000
-0.000417726483948,-0.000000000000000,-2393.910940355261573,-0.000000000000000
-0.000410094558970,-0.000000000000000,-2438.462003768331670,-0.000000000000000
-0.000402602036517,-0.000000000000000,-2483.842378569680932,-0.000000000000000
-0.000395246451344,-0.000000000000000,-2530.066991363211855,-0.000000000000000
-0.000388025240582,-0.000000000000000,-2577.151936042555462,-0.000000000000000
-0.000380935923453,-0.000000000000000,-2625.113407358080622,-0.000000000000000
-0.000373976169710,-0.000000000000000,-2673.967169556665795,-0.000000000000000
-0.000367143574548,-0.000000000000000,-2723.730086333519466,-0.000000000000000
-0.000360435783924,-0.000000000000000,-2774.419312955365967,-0.000000000000000
-0.000353850573855,-0.000000000000000,-2826.051655379199474,-0.000000000000000
-0.000347385673020,-0.000000000000000,-2878.644911591239634,-0.000000000000000
-0.000341038888011,-0.000000000000000,-2932.216926437131406,-0.000000000000000
-0.000334808045173,-0.000000000000000,-2986.786053733390872,-0.000000000000000
-0.000328691035304,-0.000000000000000,-3042.370775570046135,-0.000000000000000
-0.000322685812547,-0.000000000000000,-3098.989670809879499,-0.000000000000000
-0.000316790280723,-0.000000000000000,-3156.662501502250507,-0.000000000000000
-0.000311002459608,-0.000000000000000,-3215.408653872360446,-0.000000000000000
-0.000305320413451,-0.000000000000000,-3275.247759220540047,-0.000000000000000
-0.000299742145077,-0.000000000000000,-3336.200852708056118,-0.000000000000000
-0.000294265812741,-0.000000000000000,-3398.288067126228270,-0.000000000000000
-0.000288889534652,-0.000000000000000,-3461.530723865213531,-0.000000000000000
-0.000283611478055,-0.000000000000000,-3525.950384161343663,-0.000000000000000
-0.000278429842139,-0.000000000000000,-3591.569036984139530,-0.000000000000000
-0.000273342890641,-0.000000000000000,-3658.408666325365175,-0.000000000000000
-0.000268348861233,-0.000000000000000,-3726.492430064173277,-0.000000000000000
-0.000263446091323,-0.000000000000000,-3795.842993824658606,-0.000000000000000
-0.000258632885057,-0.000000000000000,-3866.484340460392559,-0.000000000000000
-0.000253907627299,-0.000000000000000,-3938.440174624779502,-0.000000000000000
-0.000249268688299,-0.000000000000000,-4011.735315909522342,-0.000000000000000
-0.000244714516967,-0.000000000000000,-4086.394270321316526,-0.000000000000000
-0.000240243525682,-0.000000000000000,-4162.443075887336818,-0.000000000000000
-0.000235854254710,-0.000000000000000,-4239.906552585957797,-0.000000000000000
-0.000231545140176,-0.000000000000000,-4318.812302598723363,-0.000000000000000
-0.000227314789767,-0.000000000000000,-4399.185820803303614,-0.000000000000000
-0.000223161710785,-0.000000000000000,-4481.055448464486290,-0.000000000000000
-0.000219084518111,-0.000000000000000,-4564.448499713720594,-0.000000000000000
-0.000215081803822,-0.000000000000000,-4649.393775902034577,-0.000000000000000
-0.000211152227145,-0.000000000000000,-4735.919736778298102,-0.000000000000000
-0.000207294425115,-0.000000000000000,-4824.056408872001157,-0.000000000000000
-0.000203507129446,-0.000000000000000,-4913.832762145427296,-0.000000000000000
-0.000199789021080,-0.000000000000000,-5005.280042897822568,-0.000000000000000
-0.000196138850276,-0.000000000000000,-5098.428988396633940,-0.000000000000000
-0.000192555354191,-0.000000000000000,-5193.311835960854296,-0.000000000000000
-0.000189037336168,-0.000000000000000,-5289.960281244962971,-0.000000000000000
-0.000185583604983,-0.000000000000000,-5388.407020598522649,-0.000000000000000
-0.000182192957618,-0.000000000000000,-5488.686352514796454,-0.000000000000000
-0.000178864260778,-0.000000000000000,-5590.831816539061037,-0.000000000000000
-0.000175596379579,-0.000000000000000,-5694.878233792456740,-0.000000000000000
-0.000172388210312,-0.000000000000000,-5800.860732823737635,-0.000000000000000
-0.000169238651811,-0.000000000000000,-5908.815683046847880,-0.000000000000000
-0.000166146624737,-0.000000000000000,-6018.780108124915387,-0.000000000000000
-0.000163111107027,-0.000000000000000,-6130.790344244687731,-0.000000000000000
-0.000160131038312,-0.000000000000000,-6244.885504674069125,-0.000000000000000
-0.000157205419848,-0.000000000000000,-6361.103840864102494,-0.000000000000000
-0.000154333247189,-0.000000000000000,-6479.485258147941749,-0.000000000000000
-0.000151513553532,-0.000000000000000,-6600.069608896667887,-0.000000000000000
-0.000148745382468,-0.000000000000000,-6722.897769400096877,-0.000000000000000
-0.000146027779560,-0.000000000000000,-6848.012090659923160,-0.000000000000000
-0.000143359826320,-0.000000000000000,-6975.454879322916895,-0.000000000000000
-0.000140740616666,-0.000000000000000,-7105.269421764018261,-0.000000000000000
-0.000138169268760,-0.000000000000000,-7237.499401800636406,-0.000000000000000
-0.000135644888285,-0.000000000000000,-7372.190818575605590,-0.000000000000000
-0.000133166633605,-0.000000000000000,-7509.388597791586108,-0.000000000000000
-0.000130733660107,-0.000000000000000,-7649.139473211953373,-0.000000000000000
-0.000128345137853,-0.000000000000000,-7791.491105369892466,-0.000000000000000
-0.000126000252153,-0.000000000000000,-7936.492053868903895,-0.000000000000000
-0.000123698202980,-0.000000000000000,-8084.191814510735639,-0.000000000000000
-0.000121438226817,-0.000000000000000,-8234.639340603165692,-0.000000000000000
-0.000119219528265,-0.000000000000000,-8387.887576415614603,-0.000000000000000
-0.000117041362140,-0.000000000000000,-8543.988054478342747,-0.000000000000000
-0.000114903001094,-0.000000000000000,-8702.992876410920871,-0.000000000000000
-0.000112803707821,-0.000000000000000,-8864.956829164730152,-0.000000000000000
-0.000110742764362,-0.000000000000000,-9029.935325923343044,-0.000000000000000
-0.000108719472953,-0.000000000000000,-9197.984250985215112,-0.000000000000000
-0.000106733155576,-0.000000000000000,-9369.159888524220150,-0.000000000000000
-0.000104783125182,-0.000000000000000,-9543.521423529346066,-0.000000000000000
-0.000102868714046,-0.000000000000000,-9721.128617910811954,-0.000000000000000
-0.000100989289908,-0.000000000000000,-9902.040116440573911,-0.000000000000000
-0.000099144193353,-0.000000000000000,-10086.319391792694660,-0.000000000000000
-0.000097332816083,-0.000000000000000,-10274.027201154440263,-0.000000000000000
-0.000095554530725,-0.000000000000000,-10465.228518390093086,-0.000000000000000
-0.000093808734790,-0.000000000000000,-10659.988136869273148,-0.000000000000000
-0.000092094837241,-0.000000000000000,-10858.371977818373125,-0.000000000000000
-0.000090412251044,-0.000000000000000,-11060.447986363582459,-0.000000000000000
-0.000088760401557,-0.000000000000000,-11266.285217895450842,-0.000000000000000
-0.000087138731028,-0.000000000000000,-11475.953209367778982,-0.000000000000000
-0.000085546695070,-0.000000000000000,-11689.522303429730528,-0.000000000000000
-0.000083983743533,-0.000000000000000,-11907.066271816227527,-0.000000000000000
-0.000082449345350,-0.000000000000000,-12128.659066381118464,-0.000000000000000
-0.000080942986532,-0.000000000000000,-12354.374885857741901,-0.000000000000000
-0.000079464145335,-0.000000000000000,-12584.291893957211869,-0.000000000000000
-0.000078012318508,-0.000000000000000,-12818.488401846443594,-0.000000000000000
-0.000076587024166,-0.000000000000000,-13057.042114999623664,-0.000000000000000
-0.000075187765779,-0.000000000000000,-13300.036111494548095,-0.000000000000000
-0.000073814074750,-0.000000000000000,-13547.551783082590191,-0.000000000000000
-0.000072465481432,-0.000000000000000,-13799.673723726915341,-0.000000000000000
-0.000071141524005,-0.000000000000000,-14056.488302576119167,-0.000000000000000
-0.000069841756675,-0.000000000000000,-14318.082012853608830,-0.000000000000000
-0.000068565736221,-0.000000000000000,-14584.544046571210856,-0.000000000000000
-0.000067313029167,-0.000000000000000,-14855.964920508125942,-0.000000000000000
-0.000066083210932,-0.000000000000000,-15132.436603796912095,-0.000000000000000
-0.000064875856085,-0.000000000000000,-15414.054786285805676,-0.000000000000000
-0.000063690567409,-0.000000000000000,-15700.912092396392836,-0.000000000000000
-0.000062526927825,-0.000000000000000,-15993.109445644284278,-0.000000000000000
-0.000061384553374,-0.000000000000000,-16290.743273979996957,-0.000000000000000
-0.000060263043562,-0.000000000000000,-16593.917945343771862,-0.000000000000000
-0.000059162031969,-0.000000000000000,-16902.732491013164690,-0.000000000000000
-0.000058081133826,-0.000000000000000,-17217.294741434012394,-0.000000000000000
-0.000057019978441,-0.000000000000000,-17537.712699123483617,-0.000000000000000
-0.000055978217291,-0.000000000000000,-17864.091576780170726,-0.000000000000000
-0.000054955487959,-0.000000000000000,-18196.544824413984315,-0.000000000000000
-0.000053951436635,-0.000000000000000,-18535.187612486639409,-0.000000000000000
-0.000052965740193,-0.000000000000000,-18880.128859684948111,-0.000000000000000
-0.000051998044768,-0.000000000000000,-19231.492346641658514,-0.000000000000000
-0.000051048035556,-0.000000000000000,-19589.392404818208888,-0.000000000000000
-0.000050115378036,-0.000000000000000,-19953.955037283092679,-0.000000000000000
-0.000049199759525,-0.000000000000000,-20325.302596074576286,-0.000000000000000
-0.000048300875052,-0.000000000000000,-20703.558660829778091,-0.000000000000000
-0.000047418409835,-0.000000000000000,-21088.855646784475539,-0.000000000000000
-0.000046552069330,-0.000000000000000,-21481.322192542480479,-0.000000000000000
-0.000045701554369,-0.000000000000000,-21881.093844873124908,-0.000000000000000
-0.000044866580074,-0.000000000000000,-22288.304532229842152,-0.000000000000000
-0.000044046860392,-0.000000000000000,-22703.093729944484949,-0.000000000000000
-0.000043242114751,-0.000000000000000,-23125.603494415961904,-0.000000000000000
-0.000042452074426,-0.000000000000000,-23555.974908688447613,-0.000000000000000
-0.000041676468620,-0.000000000000000,-23994.355402476780000,-0.000000000000000
-0.000040915032973,-0.000000000000000,-24440.894393287719140,-0.000000000000000
-0.000040167511512,-0.000000000000000,-24895.741915701841208,-0.000000000000000
-0.000039433643931,-0.000000000000000,-25359.056387239914329,-0.000000000000000
-0.000038713182908,-0.000000000000000,-25830.994118432638061,-0.000000000000000
-0.000038005887433,-0.000000000000000,-26311.712935864532483,-0.000000000000000
-0.000037311516003,-0.000000000000000,-26801.376817091877456,-0.000000000000000
-0.000036629826628,-0.000000000000000,-27300.156513053309027,-0.000000000000000
-0.000035960594508,-0.000000000000000,-27808.216568327436107,-0.000000000000000
-0.000035303588245,-0.000000000000000,-28325.732587487127603,-0.000000000000000
-0.000034658586327,-0.000000000000000,-28852.879069329683261,-0.000000000000000
-0.000034025368811,-0.000000000000000,-29389.835729663122038,-0.000000000000000
-0.000033403720081,-0.000000000000000,-29936.785411024597124,-0.000000000000000
-0.000032793428907,-0.000000000000000,-30493.913973538517894,-0.000000000000000
-0.000032194286434,-0.000000000000000,-31061.412155827911192,-0.000000000000000
-0.000031606093124,-0.000000000000000,-31639.468886046637635,-0.000000000000000
-0.000031028644618,-0.000000000000000,-32228.284938176308060,-0.000000000000000
-0.000030461746694,-0.000000000000000,-32828.058418330823770,-0.000000000000000
-0.000029905204407,-0.000000000000000,-33438.995646982482867,-0.000000000000000
-0.000029358832107,-0.000000000000000,-34061.300407579721650,-0.000000000000000
-0.000028822441175,-0.000000000000000,-34695.187473626341671,-0.000000000000000
-0.000028295850458,-0.000000000000000,-35340.870968788061873,-0.000000000000000
-0.000027778880850,-0.000000000000000,-35998.570475395317771,-0.000000000000000
-0.000027271357941,-0.000000000000000,-36668.507749807424261,-0.000000000000000
-0.000026773103704,-0.000000000000000,-37350.917961331899278,-0.000000000000000
-0.000026283955821,-0.000000000000000,-38046.023467681872717,-0.000000000000000
-0.000025803743914,-0.000000000000000,-38754.066206141738803,-0.000000000000000
-0.000025332306030,-0.000000000000000,-39475.284990530795767,-0.000000000000000
-0.000024869479126,-0.000000000000000,-40209.929404773225542,-0.000000000000000
-0.000024415110294,-0.000000000000000,-40958.242168639910233,-0.000000000000000
-0.000023969043103,-0.000000000000000,-41720.480693200013775,-0.000000000000000
-0.000023531124591,-0.000000000000000,-42496.906433417534572,-0.000000000000000
-0.000023101206930,-0.000000000000000,-43287.781587578792823,-0.000000000000000
-0.000022679144136,-0.000000000000000,-44093.374688781899749,-0.000000000000000
-0.000022264792082,-0.000000000000000,-44913.960853476703051,-0.000000000000000
-0.000021858011059,-0.000000000000000,-45749.816727532263030,-0.000000000000000
-0.000021458662527,-0.000000000000000,-46601.226835403460427,-0.000000000000000
-0.000021066609111,-0.000000000000000,-47468.484117673375295,-0.000000000000000
-0.000020681717743,-0.000000000000000,-48351.883166603409336,-0.000000000000000
-0.000020303859870,-0.000000000000000,-49251.718953906078241,-0.000000000000000
-0.000019932905598,-0.000000000000000,-50168.300605451891897,-0.000000000000000
-0.000019568728222,-0.000000000000000,-51101.941252205913770,-0.000000000000000
-0.000019211204341,-0.000000000000000,-52052.957340083754389,-0.000000000000000
-0.000018860212351,-0.000000000000000,-53021.672363384415803,-0.000000000000000
-0.000018515633470,-0.000000000000000,-54008.414110888537834,-0.000000000000000
-0.000018177350066,-0.000000000000000,-55013.519371220128960,-0.000000000000000
-0.000017845246517,-0.000000000000000,-56037.331793994962936,-0.000000000000000
-0.000017519211372,-0.000000000000000,-57080.194923077942804,-0.000000000000000
-0.000017199132232,-0.000000000000000,-58142.468266942043556,-0.000000000000000
-0.000016884901889,-0.000000000000000,-59224.507586103543872,-0.000000000000000
-0.000016576411460,-0.000000000000000,-60326.687861686288670,-0.000000000000000
-0.000016273558613,-0.000000000000000,-61449.374642426686478,-0.000000000000000
-0.000015976237318,-0.000000000000000,-62592.961037657427369,-0.000000000000000
-0.000015684349576,-0.000000000000000,-63757.824010504875332,-0.000000000000000
-0.000015397793334,-0.000000000000000,-64944.370813653702498,-0.000000000000000
-0.000015116473990,-0.000000000000000,-66152.993127142151934,-0.000000000000000
-0.000014840292356,-0.000000000000000,-67384.117242636391893,-0.000000000000000
-0.000014569159413,-0.000000000000000,-68638.139763754064916,-0.000000000000000
-0.000014302978469,-0.000000000000000,-69915.507609827691340,-0.000000000000000
-0.000014041660470,-0.000000000000000,-71216.648638750441023,-0.000000000000000
-0.000013785116261,-0.000000000000000,-72542.006980331090745,-0.000000000000000
-0.000013533260566,-0.000000000000000,-73892.022924291522941,-0.000000000000000
-0.000013286006165,-0.000000000000000,-75267.163630667288089,-0.000000000000000
-0.000013043268591,-0.000000000000000,-76667.899080458737444,-0.000000000000000
-0.000012804965732,-0.000000000000000,-78094.703329297190066,-0.000000000000000
-0.000012571016537,-0.000000000000000,-79548.061772440138157,-0.000000000000000
-0.000012341342622,-0.000000000000000,-81028.461055051404401,-0.000000000000000
-0.000012115864304,-0.000000000000000,-82536.414649221493164,-0.000000000000000
-0.000011894504622,-0.000000000000000,-84072.437799767067190,-0.000000000000000
-0.000011677190200,-0.000000000000000,-85637.039636456815060,-0.000000000000000
-0.000011463846245,-0.000000000000000,-87230.758212178305257,-0.000000000000000
-0.000011254400544,-0.000000000000000,-88854.132750990800560,-0.000000000000000
-0.000011048780384,-0.000000000000000,-90507.727116286230739,-0.000000000000000
-0.000010846918030,-0.000000000000000,-92192.086009340797318,-0.000000000000000
-0.000010648742944,-0.000000000000000,-93907.797870880400296,-0.000000000000000
-0.000010454188903,-0.000000000000000,-95655.436236829744303,-0.000000000000000
-0.000010263189044,-0.000000000000000,-97435.601716842327733,-0.000000000000000
-0.000010075678686,-0.000000000000000,-99248.897386966447812,-0.000000000000000
-0.000009891594364,-0.000000000000000,-101095.936938642349560,-0.000000000000000
-0.000009710873127,-0.000000000000000,-102977.351973205062677,-0.000000000000000
-0.000009533454308,-0.000000000000000,-104893.773833239451051,-0.000000000000000
-0.000009359276352,-0.000000000000000,-106845.867395629509701,-0.000000000000000
-0.000009188280637,-0.000000000000000,-108834.290064620261546,-0.000000000000000
-0.000009020409509,-0.000000000000000,-110859.711972262623021,-0.000000000000000
-0.000008855605396,-0.000000000000000,-112922.827434820035705,-0.000000000000000
-0.000008693811906,-0.000000000000000,-115024.342691271565855,-0.000000000000000
-0.000008534974860,-0.000000000000000,-117164.961399485589936,-0.000000000000000
-0.000008379039418,-0.000000000000000,-119345.422556798817823,-0.000000000000000
-0.000008225952988,-0.000000000000000,-121566.461840568328626,-0.000000000000000
-0.000008075663389,-0.000000000000000,-123828.836321828304790,-0.000000000000000
-0.000007928119700,-0.000000000000000,-126133.312543163337978,-0.000000000000000
-0.000007783271827,-0.000000000000000,-128480.672673852808657,-0.000000000000000
-0.000007641070295,-0.000000000000000,-130871.718412686663214,-0.000000000000000
-0.000007501466521,-0.000000000000000,-133307.266951982601313,-0.000000000000000
-0.000007364413453,-0.000000000000000,-135788.139331818616483,-0.000000000000000
-0.000007229864847,-0.000000000000000,-138315.172014516894706,-0.000000000000000
-0.000007097773563,-0.000000000000000,-140889.250856058031786,-0.000000000000000
-0.000006968096317,-0.000000000000000,-143511.219497136073187,-0.000000000000000
-0.000006840788290,-0.000000000000000,-146181.983369724359363,-0.000000000000000
-0.000006715806056,-0.000000000000000,-148902.453657827310963,-0.000000000000000
-0.000006593106893,-0.000000000000000,-151673.560928464721655,-0.000000000000000
-0.000006472649717,-0.000000000000000,-154496.233177470916416,-0.000000000000000
-0.000006354393224,-0.000000000000000,-157371.438115079188719,-0.000000000000000
-0.000006238297704,-0.000000000000000,-160300.140755388565594,-0.000000000000000
-0.000006124322772,-0.000000000000000,-163283.360022975713946,-0.000000000000000
-0.000006012430851,-0.000000000000000,-166322.079171435616445,-0.000000000000000
-0.000005902582896,-0.000000000000000,-169417.358062268642243,-0.000000000000000
-0.000005794741608,-0.000000000000000,-172570.248630901740398,-0.000000000000000
-0.000005688870710,-0.000000000000000,-175781.811718085838947,-0.000000000000000
-0.000005584934164,-0.000000000000000,-179053.140223337104544,-0.000000000000000
-0.000005482896254,-0.000000000000000,-182385.358691902540158,-0.000000000000000
-0.000005382722979,-0.000000000000000,-185779.577349480183329,-0.000000000000000
-0.000005284379671,-0.000000000000000,-189236.970518036570866,-0.000000000000000
-0.000005187833195,-0.000000000000000,-192758.703376049757935,-0.000000000000000
-0.000005093050802,-0.000000000000000,-196345.969987132644746,-0.000000000000000
-0.000005000000000,-0.000000000000000,-200000.000000000000000,-0.000000000000000
