-0.001000000000000,0.999999499999875,-0.001000000000000,-0.999999499999875
-0.001018610170156,0.999999481216526,-0.001018610170156,-0.999999481216526
-0.001037566678745,0.999999461727549,-0.001037566678745,-0.999999461727549
-0.001056875971185,0.999999441506435,-0.001056875971185,-0.999999441506435
-0.001076544612842,0.999999420525680,-0.001076544612842,-0.999999420525680
-0.001096579291268,0.999999398756748,-0.001096579291268,-0.999999398756748
-0.001116986818468,0.999999376170029,-0.001116986818468,-0.999999376170029
-0.001137774133221,0.999999352734801,-0.001137774133221,-0.999999352734801
-0.001158948303440,0.999999328419189,-0.001158948303440,-0.999999328419189
-0.001180516528569,0.999999303190120,-0.001180516528569,-0.999999303190120
-0.001202486142037,0.999999277013278,-0.001202486142037,-0.999999277013278
-0.001224864613751,0.999999249853058,-0.001224864613751,-0.999999249853058
-0.001247659552631,0.999999221672517,-0.001247659552631,-0.999999221672517
-0.001270878709202,0.999999192433327,-0.001270878709202,-0.999999192433327
-0.001294529978228,0.999999162095717,-0.001294529978228,-0.999999162095717
-0.001318621401395,0.999999130618422,-0.001318621401395,-0.999999130618422
-0.001343161170046,0.999999097958629,-0.001343161170046,-0.999999097958629
-0.001368157627967,0.999999064071915,-0.001368157627967,-0.999999064071915
-0.001393619274224,0.999999028912188,-0.001393619274224,-0.999999028912188
-0.001419554766050,0.999998992431625,-0.001419554766050,-0.999998992431625
-0.001445972921792,0.999998954580608,-0.001445972921792,-0.999998954580608
-0.001472882723908,0.999998915307653,-0.001472882723908,-0.999998915307653
-0.001500293322019,0.999998874559341,-0.001500293322019,-0.999998874559341
-0.001528214036026,0.999998832280248,-0.001528214036026,-0.999998832280248
-0.001556654359271,0.999998788412869,-0.001556654359271,-0.999998788412869
-0.001585623961771,0.999998742897536,-0.001585623961771,-0.999998742897536
-0.001615132693503,0.999998695672341,-0.001615132693503,-0.999998695672341
-0.001645190587754,0.999998646673049,-0.001645190587754,-0.999998646673049
-0.001675807864531,0.999998595833015,-0.001675807864531,-0.999998595833015
-0.001706994934038,0.999998543083086,-0.001706994934038,-0.999998543083086
-0.001738762400216,0.999998488351515,-0.001738762400216,-0.999998488351515
-0.001771121064345,0.999998431563858,-0.001771121064345,-0.999998431563858
-0.001804081928719,0.999998372642873,-0.001804081928719,-0.999998372642873
-0.001837656200388,0.999998311508419,-0.001837656200388,-0.999998311508419
-0.001871855294966,0.999998248077343,-0.001871855294966,-0.999998248077343
-0.001906690840512,0.999998182263367,-0.001906690840512,-0.999998182263367
-0.001942174681489,0.999998113976975,-0.001942174681489,-0.999998113976975
-0.001978318882784,0.999998043125284,-0.001978318882784,-0.999998043125284
-0.002015135733816,0.999997969611926,-0.002015135733816,-0.999997969611926
-0.002052637752709,0.999997893336909,-0.002052637752709,-0.999997893336909
-0.002090837690556,0.999997814196487,-0.002090837690556,-0.999997814196487
-0.002129748535746,0.999997732083015,-0.002129748535746,-0.999997732083015
-0.002169383518385,0.999997646884807,-0.002169383518385,-0.999997646884807
-0.002209756114796,0.999997558485976,-0.002209756114796,-0.999997558485976
-0.002250880052095,0.999997466766287,-0.002250880052095,-0.999997466766287
-0.002292769312866,0.999997371600985,-0.002292769312866,-0.999997371600985
-0.002335438139906,0.999997272860629,-0.002335438139906,-0.999997272860629
-0.002378901041079,0.999997170410915,-0.002378901041079,-0.999997170410915
-0.002423172794238,0.999997064112495,-0.002423172794238,-0.999997064112495
-0.002468268452256,0.999996953820784,-0.002468268452256,-0.999996953820784
-0.002514203348143,0.999996839385767,-0.002514203348143,-0.999996839385767
-0.002560993100258,0.999996720651793,-0.002560993100258,-0.999996720651793
-0.002608653617623,0.999996597457363,-0.002608653617623,-0.999996597457363
-0.002657201105325,0.999996469634911,-0.002657201105325,-0.999996469634911
-0.002706652070033,0.999996337010577,-0.002706652070033,-0.999996337010577
-0.002757023325610,0.999996199403969,-0.002757023325610,-0.999996199403969
-0.002808331998823,0.999996056627917,-0.002808331998823,-0.999996056627917
-0.002860595535176,0.999995908488222,-0.002860595535176,-0.999995908488222
-0.002913831704833,0.999995754783387,-0.002913831704833,-0.999995754783387
-0.002968058608666,0.999995595304347,-0.002968058608666,-0.999995595304347
-0.003023294684406,0.999995429834182,-0.003023294684406,-0.999995429834182
-0.003079558712914,0.999995258147824,-0.003079558712914,-0.999995258147824
-0.003136869824567,0.999995080011749,-0.003136869824567,-0.999995080011749
-0.003195247505759,0.999994895183659,-0.003195247505759,-0.999994895183659
-0.003254711605532,0.999994703412155,-0.003254711605532,-0.999994703412155
-0.003315282342319,0.999994504436395,-0.003315282342319,-0.999994504436395
-0.003376980310825,0.999994297985734,-0.003376980310825,-0.999994297985734
-0.003439826489023,0.999994083779362,-0.003439826489023,-0.999994083779362
-0.003503842245291,0.999993861525920,-0.003503842245291,-0.999993861525920
-0.003569049345675,0.999993630923101,-0.003569049345675,-0.999993630923101
-0.003635469961293,0.999993391657245,-0.003635469961293,-0.999993391657245
-0.003703126675870,0.999993143402905,-0.003703126675870,-0.999993143402905
-0.003772042493417,0.999992885822408,-0.003772042493417,-0.999992885822408
-0.003842240846055,0.999992618565398,-0.003842240846055,-0.999992618565398
-0.003913745601980,0.999992341268353,-0.003913745601980,-0.999992341268353
-0.003986581073580,0.999992053554099,-0.003986581073580,-0.999992053554099
-0.004060772025700,0.999991755031288,-0.004060772025700,-0.999991755031288
-0.004136343684063,0.999991445293872,-0.004136343684063,-0.999991445293872
-0.004213321743847,0.999991123920549,-0.004213321743847,-0.999991123920549
-0.004291732378422,0.999990790474188,-0.004291732378422,-0.999990790474188
-0.004371602248249,0.999990444501238,-0.004371602248249,-0.999990444501238
-0.004452958509943,0.999990085531106,-0.004452958509943,-0.999990085531106
-0.004535828825510,0.999989713075522,-0.004535828825510,-0.999989713075522
-0.004620241371751,0.999989326627873,-0.004620241371751,-0.999989326627873
-0.004706224849841,0.999988925662511,-0.004706224849841,-0.999988925662511
-0.004793808495089,0.999988509634042,-0.004793808495089,-0.999988509634042
-0.004883022086878,0.999988077976582,-0.004883022086878,-0.999988077976582
-0.004973895958790,0.999987630102988,-0.004973895958790,-0.999987630102988
-0.005066461008921,0.999987165404059,-0.005066461008921,-0.999987165404059
-0.005160748710386,0.999986683247706,-0.005160748710386,-0.999986683247706
-0.005256791122018,0.999986182978095,-0.005256791122018,-0.999986182978095
-0.005354620899274,0.999985663914751,-0.005354620899274,-0.999985663914751
-0.005454271305330,0.999985125351636,-0.005454271305330,-0.999985125351636
-0.005555776222399,0.999984566556188,-0.005555776222399,-0.999984566556188
-0.005659170163246,0.999983986768320,-0.005659170163246,-0.999983986768320
-0.005764488282926,0.999983385199392,-0.005764488282926,-0.999983385199392
-0.005871766390733,0.999982761031135,-0.005871766390733,-0.999982761031135
-0.005981040962381,0.999982113414538,-0.005981040962381,-0.999982113414538
-0.006092349152401,0.999981441468693,-0.006092349152401,-0.999981441468693
-0.006205728806777,0.999980744279597,-0.006205728806777,-0.999980744279597
-0.006321218475813,0.999980020898908,-0.006321218475813,-0.999980020898908
-0.006438857427240,0.999979270342657,-0.006438857427240,-0.999979270342657
-0.006558685659571,0.999978491589904,-0.006558685659571,-0.999978491589904
-0.006680743915696,0.999977683581355,-0.006680743915696,-0.999977683581355
-0.006805073696735,0.999976845217919,-0.006805073696735,-0.999976845217919
-0.006931717276155,0.999975975359210,-0.006931717276155,-0.999975975359210
-0.007060717714138,0.999975072821998,-0.007060717714138,-0.999975072821998
-0.007192118872221,0.999974136378600,-0.007192118872221,-0.999974136378600
-0.007325965428215,0.999973164755207,-0.007325965428215,-0.999973164755207
-0.007462302891391,0.999972156630152,-0.007462302891391,-0.999972156630152
-0.007601177617955,0.999971110632112,-0.007601177617955,-0.999971110632112
-0.007742636826811,0.999970025338244,-0.007742636826811,-0.999970025338244
-0.007886728615614,0.999968899272244,-0.007886728615614,-0.999968899272244
-0.008033501977125,0.999967730902344,-0.008033501977125,-0.999967730902344
-0.008183006815867,0.999966518639225,-0.008183006815867,-0.999966518639225
-0.008335293965098,0.999965260833853,-0.008335293965098,-0.999965260833853
-0.008490415204089,0.999963955775238,-0.008490415204089,-0.999963955775238
-0.008648423275732,0.999962601688105,-0.008648423275732,-0.999962601688105
-0.008809371904474,0.999961196730477,-0.008809371904474,-0.999961196730477
-0.008973315814584,0.999959738991171,-0.008973315814584,-0.999959738991171
-0.009140310748756,0.999958226487195,-0.009140310748756,-0.999958226487195
-0.009310413487069,0.999956657161049,-0.009310413487069,-0.999956657161049
-0.009483681866286,0.999955028877929,-0.009483681866286,-0.999955028877929
-0.009660174799523,0.999953339422817,-0.009660174799523,-0.999953339422817
-0.009839952296278,0.999951586497470,-0.009839952296278,-0.999951586497470
-0.010023075482839,0.999949767717292,-0.010023075482839,-0.999949767717292
-0.010209606623061,0.999947880608086,-0.010209606623061,-0.999947880608086
-0.010399609139541,0.999945922602690,-0.010399609139541,-0.999945922602690
-0.010593147635184,0.999943891037482,-0.010593147635184,-0.999943891037482
-0.010790287915162,0.999941783148753,-0.010790287915162,-0.999941783148753
-0.010991097009295,0.999939596068949,-0.010991097009295,-0.999939596068949
-0.011195643194839,0.999937326822763,-0.011195643194839,-0.999937326822763
-0.011403996019700,0.999934972323092,-0.011403996019700,-0.999934972323092
-0.011616226326085,0.999932529366827,-0.011616226326085,-0.999932529366827
-0.011832406274584,0.999929994630501,-0.011832406274584,-0.999929994630501
-0.012052609368709,0.999927364665757,-0.012052609368709,-0.999927364665757
-0.012276910479884,0.999924635894660,-0.012276910479884,-0.999924635894660
-0.012505385872904,0.999921804604825,-0.012505385872904,-0.999921804604825
-0.012738113231865,0.999918866944360,-0.012738113231865,-0.999918866944360
-0.012975171686576,0.999915818916625,-0.012975171686576,-0.999915818916625
-0.013216641839466,0.999912656374789,-0.013216641839466,-0.999912656374789
-0.013462605792989,0.999909375016187,-0.013462605792989,-0.999909375016187
-0.013713147177540,0.999905970376459,-0.013713147177540,-0.999905970376459
-0.013968351179888,0.999902437823469,-0.013968351179888,-0.999902437823469
-0.014228304572144,0.999898772551003,-0.014228304572144,-0.999898772551003
-0.014493095741262,0.999894969572222,-0.014493095741262,-0.999894969572222
-0.014762814719094,0.999891023712869,-0.014762814719094,-0.999891023712869
-0.015037553212998,0.999886929604226,-0.015037553212998,-0.999886929604226
-0.015317404637021,0.999882681675798,-0.015317404637021,-0.999882681675798
-0.015602464143664,0.999878274147731,-0.015602464143664,-0.999878274147731
-0.015892828656230,0.999873701022936,-0.015892828656230,-0.999873701022936
-0.016188596901782,0.999868956078921,-0.016188596901782,-0.999868956078921
-0.016489869444711,0.999864032859316,-0.016489869444711,-0.999864032859316
-0.016796748720927,0.999858924665078,-0.016796748720927,-0.999858924665078
-0.017109339072690,0.999853624545361,-0.017109339072690,-0.999853624545361
-0.017427746784089,0.999848125288051,-0.017427746784089,-0.999848125288051
-0.017752080117177,0.999842419409935,-0.017752080117177,-0.999842419409935
-0.018082449348780,0.999836499146510,-0.018082449348780,-0.999836499146510
-0.018418966807997,0.999830356441395,-0.018418966807997,-0.999830356441395
-0.018761746914391,0.999823982935357,-0.018761746914391,-0.999823982935357
-0.019110906216892,0.999817369954918,-0.019110906216892,-0.999817369954918
-0.019466563433423,0.999810508500532,-0.019466563433423,-0.999810508500532
-0.019828839491271,0.999803389234318,-0.019828839491271,-0.999803389234318
-0.020197857568199,0.999796002467331,-0.020197857568199,-0.999796002467331
-0.020573743134329,0.999788338146351,-0.020573743134329,-0.999788338146351
-0.020956623994805,0.999780385840181,-0.020956623994805,-0.999780385840181
-0.021346630333243,0.999772134725416,-0.021346630333243,-0.999772134725416
-0.021743894756001,0.999763573571692,-0.021743894756001,-0.999763573571692
-0.022148552337264,0.999754690726362,-0.022148552337264,-0.999754690726362
-0.022560740664969,0.999745474098607,-0.022560740664969,-0.999745474098607
-0.022980599887589,0.999735911142941,-0.022980599887589,-0.999735911142941
-0.023408272761783,0.999725988842098,-0.023408272761783,-0.999725988842098
-0.023843904700938,0.999715693689267,-0.023843904700938,-0.999715693689267
-0.024287643824605,0.999705011669667,-0.024287643824605,-0.999705011669667
-0.024739641008869,0.999693928241415,-0.024739641008869,-0.999693928241415
-0.025200049937641,0.999682428315683,-0.025200049937641,-0.999682428315683
-0.025669027154920,0.999670496236095,-0.025669027154920,-0.999670496236095
-0.026146732118011,0.999658115757357,-0.026146732118011,-0.999658115757357
-0.026633327251750,0.999645270023072,-0.026633327251750,-0.999645270023072
-0.027128978003725,0.999631941542723,-0.027128978003725,-0.999631941542723
-0.027633852900532,0.999618112167778,-0.027633852900532,-0.999618112167778
-0.028148123605076,0.999603763066903,-0.028148123605076,-0.999603763066903
-0.028671964974938,0.999588874700232,-0.028671964974938,-0.999588874700232
-0.029205555121828,0.999573426792662,-0.029205555121828,-0.999573426792662
-0.029749075472145,0.999557398306147,-0.029749075472145,-0.999557398306147
-0.030302710828664,0.999540767410932,-0.030302710828664,-0.999540767410932
-0.030866649433373,0.999523511455712,-0.030866649433373,-0.999523511455712
-0.031441083031473,0.999505606936653,-0.031441083031473,-0.999505606936653
-0.032026206936577,0.999487029465243,-0.032026206936577,-0.999487029465243
-0.032622220097117,0.999467753734924,-0.032622220097117,-0.999467753734924
-0.033229325163990,0.999447753486467,-0.033229325163990,-0.999447753486467
-0.033847728559460,0.999427001472026,-0.033847728559460,-0.999427001472026
-0.034477640547345,0.999405469417837,-0.034477640547345,-0.999405469417837
-0.035119275304508,0.999383127985502,-0.035119275304508,-0.999383127985502
-0.035772850993679,0.999359946731799,-0.035772850993679,-0.999359946731799
-0.036438589837636,0.999335894066977,-0.036438589837636,-0.999335894066977
-0.037116718194758,0.999310937211462,-0.037116718194758,-0.999310937211462
-0.037807466635994,0.999285042150921,-0.037807466635994,-0.999285042150921
-0.038511070023256,0.999258173589620,-0.038511070023256,-0.999258173589620
-0.039227767589278,0.999230294902012,-0.039227767589278,-0.999230294902012
-0.039957803018953,0.999201368082479,-0.039957803018953,-0.999201368082479
-0.040701424532195,0.999171353693174,-0.040701424532195,-0.999171353693174
-0.041458884968330,0.999140210809866,-0.041458884968330,-0.999140210809866
-0.042230441872067,0.999107896965733,-0.042230441872067,-0.999107896965733
-0.043016357581069,0.999074368093015,-0.043016357581069,-0.999074368093015
-0.043816899315143,0.999039578462438,-0.043816899315143,-0.999039578462438
-0.044632339267105,0.999003480620336,-0.044632339267105,-0.999003480620336
-0.045462954695325,0.998966025323369,-0.045462954695325,-0.998966025323369
-0.046309028017998,0.998927161470759,-0.046309028017998,-0.998927161470759
-0.047170846909171,0.998886836033928,-0.047170846909171,-0.998886836033928
-0.048048704396552,0.998844993983457,-0.048048704396552,-0.998844993983457
-0.048942898961146,0.998801578213250,-0.048942898961146,-0.998801578213250
-0.049853734638740,0.998756529461795,-0.049853734638740,-0.998756529461795
-0.050781521123278,0.998709786230418,-0.050781521123278,-0.998709786230418
-0.051726573872161,0.998661284698395,-0.051726573872161,-0.998661284698395
-0.052689214213508,0.998610958634824,-0.052689214213508,-0.998610958634824
-0.053669769455406,0.998558739307109,-0.053669769455406,-0.998558739307109
-0.054668572997203,0.998504555385928,-0.054668572997203,-0.998504555385928
-0.055685964442865,0.998448332846556,-0.055685964442865,-0.998448332846556
-0.056722289716446,0.998389994866397,-0.056722289716446,-0.998389994866397
-0.057777901179706,0.998329461718559,-0.057777901179706,-0.998329461718559
-0.058853157751916,0.998266650661349,-0.058853157751916,-0.998266650661349
-0.059948425031895,0.998201475823491,-0.059948425031895,-0.998201475823491
-0.061064075422322,0.998133848084923,-0.061064075422322,-0.998133848084923
-0.062200488256348,0.998063674952992,-0.062200488256348,-0.998063674952992
-0.063358049926584,0.997990860433852,-0.063358049926584,-0.997990860433852
-0.064537154016468,0.997915304898895,-0.064537154016468,-0.997915304898895
-0.065738201434097,0.997836904945999,-0.065738201434097,-0.997836904945999
-0.066961600548533,0.997755553255395,-0.066961600548533,-0.997755553255395
-0.068207767328658,0.997671138439937,-0.068207767328658,-0.997671138439937
-0.069477125484604,0.997583544889548,-0.069477125484604,-0.997583544889548
-0.070770106611820,0.997492652609608,-0.070770106611820,-0.997492652609608
-0.072087150337823,0.997398337053041,-0.072087150337823,-0.997398337053041
-0.073428704471669,0.997300468945850,-0.073428704471669,-0.997300468945850
-0.074795225156220,0.997198914105822,-0.074795225156220,-0.997198914105822
-0.076187177023231,0.997093533254143,-0.076187177023231,-0.997093533254143
-0.077605033351337,0.996984181819620,-0.077605033351337,-0.996984181819620
-0.079049276226966,0.996870709735216,-0.079049276226966,-0.996870709735216
-0.080520396708256,0.996752961226574,-0.080520396708256,-0.996752961226574
-0.082018894992024,0.996630774592219,-0.082018894992024,-0.996630774592219
-0.083545280583830,0.996503981975069,-0.083545280583830,-0.996503981975069
-0.085100072471224,0.996372409124918,-0.085100072471224,-0.996372409124918
-0.086683799300200,0.996235875151504,-0.086683799300200,-0.996235875151504
-0.088296999554943,0.996094192267777,-0.088296999554943,-0.996094192267777
-0.089940221740922,0.995947165522948,-0.089940221740922,-0.995947165522948
-0.091614024571387,0.995794592524901,-0.091614024571387,-0.995794592524901
-0.093318977157334,0.995636263151513,-0.093318977157334,-0.995636263151513
-0.095055659201014,0.995471959250415,-0.095055659201014,-0.995471959250415
-0.096824661193033,0.995301454326705,-0.096824661193033,-0.995301454326705
-0.098626584613130,0.995124513218094,-0.098626584613130,-0.995124513218094
-0.100462042134683,0.994940891756957,-0.100462042134683,-0.994940891756957
-0.102331657833027,0.994750336418714,-0.102331657833027,-0.994750336418714
-0.104236067397642,0.994552583955959,-0.104236067397642,-0.994552583955959
-0.106175918348302,0.994347361017715,-0.106175918348302,-0.994347361017715
-0.108151870255231,0.994134383753170,-0.108151870255231,-0.994134383753170
-0.110164594963368,0.993913357399204,-0.110164594963368,-0.993913357399204
-0.112214776820800,0.993683975851004,-0.112214776820800,-0.993683975851004
-0.114303112911450,0.993445921215016,-0.114303112911450,-0.993445921215016
-0.116430313292090,0.993198863343442,-0.116430313292090,-0.993198863343442
-0.118597101233770,0.992942459349456,-0.118597101233770,-0.992942459349456
-0.120804213467736,0.992676353102280,-0.120804213467736,-0.992676353102280
-0.123052400435929,0.992400174701192,-0.123052400435929,-0.992400174701192
-0.125342426546143,0.992113539927525,-0.125342426546143,-0.992113539927525
-0.127675070431929,0.991816049673629,-0.127675070431929,-0.991816049673629
-0.130051125217344,0.991507289347740,-0.130051125217344,-0.991507289347740
-0.132471398786615,0.991186828253643,-0.132471398786615,-0.991186828253643
-0.134936714058834,0.990854218943940,-0.134936714058834,-0.990854218943940
-0.137447909267757,0.990508996545676,-0.137447909267757,-0.990508996545676
-0.140005838246813,0.990150678057035,-0.140005838246813,-0.990150678057035
-0.142611370719416,0.989778761613690,-0.142611370719416,-0.989778761613690
-0.145265392594681,0.989392725723367,-0.145265392594681,-0.989392725723367
-0.147968806268643,0.988992028467082,-0.147968806268643,-0.988992028467082
-0.150722530931079,0.988576106665405,-0.150722530931079,-0.988576106665405
-0.153527502878046,0.988144375008041,-0.153527502878046,-0.988144375008041
-0.156384675830228,0.987696225144895,-0.156384675830228,-0.987696225144895
-0.159295021257216,0.987231024736694,-0.159295021257216,-0.987231024736694
-0.162259528707813,0.986748116463122,-0.162259528707813,-0.986748116463122
-0.165279206146493,0.986246816986288,-0.165279206146493,-0.986246816986288
-0.168355080296124,0.985726415867245,-0.168355080296124,-0.985726415867245
-0.171488196987058,0.985186174433101,-0.171488196987058,-0.985186174433101
-0.174679621512729,0.984625324592136,-0.174679621512729,-0.984625324592136
-0.177930438991862,0.984043067594180,-0.177930438991862,-0.984043067594180
-0.181241754737428,0.983438572733294,-0.181241754737428,-0.983438572733294
-0.184614694632459,0.982810975989668,-0.184614694632459,-0.982810975989668
-0.188050405512863,0.982159378607387,-0.188050405512863,-0.982159378607387
-0.191550055557357,0.981482845604534,-0.191550055557357,-0.981482845604534
-0.195114834684666,0.980780404211858,-0.195114834684666,-0.980780404211858
-0.198745954958103,0.980051042235960,-0.198745954958103,-0.980051042235960
-0.202444650997685,0.979293706342702,-0.202444650997685,-0.979293706342702
-0.206212180399919,0.978507300256217,-0.206212180399919,-0.978507300256217
-0.210049824165397,0.977690682868608,-0.210049824165397,-0.977690682868608
-0.213958887134347,0.976842666255028,-0.213958887134347,-0.976842666255028
-0.217940698430301,0.975962013588497,-0.217940698430301,-0.975962013588497
-0.221996611912001,0.975047436948373,-0.221996611912001,-0.975047436948373
-0.226128006633733,0.974097595015948,-0.226128006633733,-0.974097595015948
-0.230336287314219,0.973111090650138,-0.230336287314219,-0.973111090650138
-0.234622884814232,0.972086468335738,-0.234622884814232,-0.972086468335738
-0.238989256623111,0.971022211496077,-0.238989256623111,-0.971022211496077
-0.243436887354317,0.969916739661318,-0.243436887354317,-0.969916739661318
-0.247967289250222,0.968768405482908,-0.247967289250222,-0.968768405482908
-0.252582002696285,0.967575491583956,-0.252582002696285,-0.967575491583956
-0.257282596744800,0.966336207234445,-0.257282596744800,-0.966336207234445
-0.262070669648392,0.965048684839290,-0.262070669648392,-0.965048684839290
-0.266947849403439,0.963710976226212,-0.266947849403439,-0.963710976226212
-0.271915794303609,0.962321048719313,-0.271915794303609,-0.962321048719313
-0.276976193503696,0.960876780982974,-0.276976193503696,-0.960876780982974
-0.282130767593954,0.959375958619376,-0.282130767593954,-0.959375958619376
-0.287381269185114,0.957816269501387,-0.287381269185114,-0.957816269501387
-0.292729483504289,0.956195298820964,-0.292729483504289,-0.956195298820964
-0.298177229001975,0.954510523831301,-0.298177229001975,-0.954510523831301
-0.303726357970339,0.952759308258950,-0.303726357970339,-0.952759308258950
-0.309378757173022,0.950938896359843,-0.309378757173022,-0.950938896359843
-0.315136348486656,0.949046406590582,-0.315136348486656,-0.949046406590582
-0.321001089554326,0.947078824863557,-0.321001089554326,-0.947078824863557
-0.326974974451185,0.945032997351228,-0.326974974451185,-0.945032997351228
-0.333060034362468,0.942905622801387,-0.333060034362468,-0.942905622801387
-0.339258338274108,0.940693244321171,-0.339258338274108,-0.940693244321171
-0.345571993676223,0.938392240583137,-0.345571993676223,-0.938392240583137
-0.352003147279677,0.935998816401603,-0.352003147279677,-0.935998816401603
-0.358553985745991,0.933508992621744,-0.358553985745991,-0.933508992621744
-0.365226736430827,0.930918595257441,-0.365226736430827,-0.930918595257441
-0.372023668141317,0.928223243806510,-0.372023668141317,-0.928223243806510
-0.378947091907477,0.925418338663583,-0.378947091907477,-0.925418338663583
-0.385999361767987,0.922499047541355,-0.385999361767987,-0.922499047541355
-0.393182875570588,0.919460290800013,-0.393182875570588,-0.919460290800013
-0.400500075787372,0.916296725572186,-0.400500075787372,-0.916296725572186
-0.407953450345256,0.913002728556383,-0.407953450345256,-0.913002728556383
-0.415545533471899,0.909572377335391,-0.415545533471899,-0.909572377335391
-0.423278906557367,0.905999430056995,-0.423278906557367,-0.905999430056995
-0.431156199031835,0.902277303292298,-0.431156199031835,-0.902277303292298
-0.439180089259621,0.898399047861201,-0.439180089259621,-0.898399047861201
-0.447353305449859,0.894357322384675,-0.447353305449859,-0.894357322384675
-0.455678626584119,0.890144364288406,-0.455678626584119,-0.890144364288406
-0.464158883361291,0.885751957941274,-0.464158883361291,-0.885751957941274
-0.472796959160052,0.881171399563676,-0.472796959160052,-0.881171399563676
-0.481595791019249,0.876393458483428,-0.481595791019249,-0.876393458483428
-0.490558370636519,0.871408334248901,-0.490558370636519,-0.871408334248901
-0.499687745385502,0.866205609027991,-0.499687745385502,-0.866205609027991
-0.508987019351983,0.860774194624342,-0.508987019351983,-0.860774194624342
-0.518459354389306,0.855102273325375,-0.518459354389306,-0.855102273325375
-0.528107971193448,0.849177231655407,-0.528107971193448,-0.849177231655407
-0.537936150398085,0.842985585935423,-0.537936150398085,-0.842985585935423
-0.547947233690044,0.836512898341339,-0.547947233690044,-0.836512898341339
-0.558144624945512,0.829743681894857,-0.558144624945512,-0.829743681894857
-0.568531791387392,0.822661292502475,-0.568531791387392,-0.822661292502475
-0.579112264764193,0.815247805761958,-0.579112264764193,-0.815247805761958
-0.589889642550867,0.807483875759269,-0.589889642550867,-0.807483875759269
-0.600867589171986,0.799348572452998,-0.600867589171986,-0.799348572452998
-0.612049837247688,0.790819193447579,-0.612049837247688,-0.790819193447579
-0.623440188862805,0.781871044936894,-0.623440188862805,-0.781871044936894
-0.635042516859615,0.772477185281614,-0.635042516859615,-0.772477185281614
-0.646860766154651,0.762608122963437,-0.646860766154651,-0.762608122963437
-0.658898955080014,0.752231458391940,-0.658898955080014,-0.752231458391940
-0.671161176749648,0.741311456018337,-0.671161176749648,-0.741311456018337
-0.683651600451044,0.729808529136736,-0.683651600451044,-0.729808529136736
-0.696374473062843,0.717678614190536,-0.696374473062843,-0.717678614190536
-0.709334120498820,0.704872403698829,-0.709334120498820,-0.704872403698829
-0.722534949178743,0.691334396088659,-0.722534949178743,-0.691334396088659
-0.735981447526599,0.677001705239102,-0.735981447526599,-0.677001705239102
-0.749678187496710,0.661802550003887,-0.749678187496710,-0.661802550003887
-0.763629826128247,0.645654310484599,-0.763629826128247,-0.645654310484599
-0.777841107128672,0.628460986904391,-0.777841107128672,-0.628460986904391
-0.792316862486649,0.610109817507727,-0.792316862486649,-0.610109817507727
-0.807062014114975,0.590466684388442,-0.807062014114975,-0.590466684388442
-0.822081575524079,0.569369724505833,-0.822081575524079,-0.569369724505833
-0.837380653526675,0.546620198217409,-0.837380653526675,-0.546620198217409
-0.852964449974128,0.521969009693423,-0.852964449974128,-0.521969009693423
-0.868838263525145,0.495096022842651,-0.868838263525145,-0.495096022842651
-0.885007491447370,0.465576782155245,-0.885007491447370,-0.465576782155245
-0.901477631452519,0.432825692387543,-0.901477631452519,-0.432825692387543
-0.918254283565657,0.395991250804008,-0.918254283565657,-0.395991250804008
-0.935343152029267,0.353741696654431,-0.935343152029267,-0.353741696654431
-0.952750047242758,0.303755407324580,-0.952750047242758,-0.303755407324580
-0.970480887738060,0.241178039081394,-0.970480887738060,-0.241178039081394
-0.988541702191988,0.150948014320716,-0.988541702191988,-0.150948014320716
-0.888932667394246,0.000000000000000,-1.124944595557871,-0.000000000000000
-0.797609481334580,0.000000000000000,-1.253746380154326,-0.000000000000000
-0.742216908876023,0.000000000000000,-1.347315034245651,-0.000000000000000
-0.700147003296943,0.000000000000000,-1.428271484832571,-0.000000000000000
-0.665580217520588,0.000000000000000,-1.502448500836141,-0.000000000000000
-0.635966680507661,0.000000000000000,-1.572409421200729,-0.000000000000000
-0.609922920213381,0.000000000000000,-1.639551436516193,-0.000000000000000
-0.586600901111336,0.000000000000000,-1.704736556158479,-0.000000000000000
-0.565437462827459,0.000000000000000,-1.768542174406908,-0.000000000000000
-0.546036716105005,0.000000000000000,-1.831378679318877,-0.000000000000000
-0.528108222779577,0.000000000000000,-1.893551277684580,-0.000000000000000
-0.511431701975860,0.000000000000000,-1.955295293851770,-0.000000000000000
-0.495835566778846,0.000000000000000,-2.016797638169474,-0.000000000000000
-0.481183202383147,0.000000000000000,-2.078210534048816,-0.000000000000000
-0.467363829605175,0.000000000000000,-2.139660659757925,-0.000000000000000
-0.454286212841067,0.000000000000000,-2.201255445869877,-0.000000000000000
-0.441874201846680,0.000000000000000,-2.263087538989157,-0.000000000000000
-0.430063495025415,0.000000000000000,-2.325238044072781,-0.000000000000000
-0.418799239495831,0.000000000000000,-2.387778930076004,-0.000000000000000
-0.408034218513950,0.000000000000000,-2.450774848349664,-0.000000000000000
-0.397727460070560,0.000000000000000,-2.514284529970833,-0.000000000000000
-0.387843153257592,0.000000000000000,-2.578361875414712,-0.000000000000000
-0.378349793348488,0.000000000000000,-2.643056815624919,-0.000000000000000
-0.369219499427003,0.000000000000000,-2.708416000649788,-0.000000000000000
-0.360427463974512,0.000000000000000,-2.774483356436780,-0.000000000000000
-0.351951504626492,0.000000000000000,-2.841300539576464,-0.000000000000000
-0.343771695927407,0.000000000000000,-2.908907312169084,-0.000000000000000
-0.335870064371289,0.000000000000000,-2.977341853528647,-0.000000000000000
-0.328230333981522,0.000000000000000,-3.046641021473339,-0.000000000000000
-0.320837712603136,0.000000000000000,-3.116840573031268,-0.000000000000000
-0.313678711256393,0.000000000000000,-3.187975352215171,-0.000000000000000
-0.306740990539299,0.000000000000000,-3.260079450880835,-0.000000000000000
-0.300013229314052,0.000000000000000,-3.333186347436723,-0.000000000000000
-0.293485011870928,0.000000000000000,-3.407329027213798,-0.000000000000000
-0.287146730506180,0.000000000000000,-3.482540087561537,-0.000000000000000
-0.280989501031393,0.000000000000000,-3.558851830155302,-0.000000000000000
-0.275005089189393,0.000000000000000,-3.636296342542636,-0.000000000000000
-0.269185846314898,0.000000000000000,-3.714905570592975,-0.000000000000000
-0.263524652868355,0.000000000000000,-3.794711383225136,-0.000000000000000
-0.258014868704672,0.000000000000000,-3.875745630553633,-0.000000000000000
-0.252650289127431,0.000000000000000,-3.958040196406122,-0.000000000000000
-0.247425105932783,0.000000000000000,-4.041627046010698,-0.000000000000000
-0.242333872772941,0.000000000000000,-4.126538269526063,-0.000000000000000
-0.237371474272588,0.000000000000000,-4.212806121984302,-0.000000000000000
-0.232533098416998,0.000000000000000,-4.300463060130544,-0.000000000000000
-0.227814211801564,0.000000000000000,-4.389541776572932,-0.000000000000000
-0.223210537391689,0.000000000000000,-4.480075231597169,-0.000000000000000
-0.218718034491495,0.000000000000000,-4.572096682950425,-0.000000000000000
-0.214332880661538,0.000000000000000,-4.665639713857729,-0.000000000000000
-0.210051455360888,0.000000000000000,-4.760738259498882,-0.000000000000000
-0.205870325118753,0.000000000000000,-4.857426632144131,-0.000000000000000
-0.201786230066185,0.000000000000000,-4.955739545121595,-0.000000000000000
-0.197796071680044,0.000000000000000,-5.055712135767812,-0.000000000000000
-0.193896901609887,0.000000000000000,-5.157379987494389,-0.000000000000000
-0.190085911474390,0.000000000000000,-5.260779151087858,-0.000000000000000
-0.186360423527558,0.000000000000000,-5.365946165346235,-0.000000000000000
-0.182717882106840,0.000000000000000,-5.472918077144040,-0.000000000000000
-0.179155845785473,0.000000000000000,-5.581732461007322,-0.000000000000000
-0.175671980160304,0.000000000000000,-5.692427438271475,-0.000000000000000
-0.172264051214057,0.000000000000000,-5.805041695886921,-0.000000000000000
-0.168929919197779,0.000000000000000,-5.919614504931040,-0.000000000000000
-0.165667532985113,0.000000000000000,-6.036185738878959,-0.000000000000000
-0.162474924855216,0.000000000000000,-6.154795891680644,-0.000000000000000
-0.159350205665699,0.000000000000000,-6.275486095687272,-0.000000000000000
-0.156291560381002,0.000000000000000,-6.398298139465998,-0.000000000000000
-0.153297243925100,0.000000000000000,-6.523274485538659,-0.000000000000000
-0.150365577330634,0.000000000000000,-6.650458288077023,-0.000000000000000
-0.147494944159277,0.000000000000000,-6.779893410584437,-0.000000000000000
-0.144683787170645,0.000000000000000,-6.911624443591375,-0.000000000000000
-0.141930605219230,0.000000000000000,-7.045696722390282,-0.000000000000000
-0.139233950360797,0.000000000000000,-7.182156344833270,-0.000000000000000
-0.136592425151410,0.000000000000000,-7.321050189214528,-0.000000000000000
-0.134004680123831,0.000000000000000,-7.462425932257913,-0.000000000000000
-0.131469411427409,0.000000000000000,-7.606332067228823,-0.000000000000000
-0.128985358618836,0.000000000000000,-7.752817922188349,-0.000000000000000
-0.126551302592258,0.000000000000000,-7.901933678406676,-0.000000000000000
-0.124166063638263,0.000000000000000,-8.053730388951758,-0.000000000000000
-0.121828499622137,0.000000000000000,-8.208259997468534,-0.000000000000000
-0.119537504272641,0.000000000000000,-8.365575357163225,-0.000000000000000
-0.117292005573273,0.000000000000000,-8.525730250006571,-0.000000000000000
-0.115090964248667,0.000000000000000,-8.688779406169404,-0.000000000000000
-0.112933372339365,0.000000000000000,-8.854778523703340,-0.000000000000000
-0.110818251858783,0.000000000000000,-9.023784288479044,-0.000000000000000
-0.108744653526660,0.000000000000000,-9.195854394394063,-0.000000000000000
-0.106711655573744,0.000000000000000,-9.371047563861914,-0.000000000000000
-0.104718362612880,0.000000000000000,-9.549423568593843,-0.000000000000000
-0.102763904572068,0.000000000000000,-9.731043250684353,-0.000000000000000
-0.100847435685335,0.000000000000000,-9.915968544011461,-0.000000000000000
-0.098968133537663,0.000000000000000,-10.104262495962388,-0.000000000000000
-0.097125198160440,0.000000000000000,-10.295989289495271,-0.000000000000000
-0.095317851174192,0.000000000000000,-10.491214265547327,-0.000000000000000
-0.093545334975569,0.000000000000000,-10.690003945799841,-0.000000000000000
-0.091806911965823,0.000000000000000,-10.892426055810166,-0.000000000000000
-0.090101863818165,0.000000000000000,-11.098549548521014,-0.000000000000000
-0.088429490781613,0.000000000000000,-11.308444628157098,-0.000000000000000
-0.086789111019089,0.000000000000000,-11.522182774519305,-0.000000000000000
-0.085180059977705,0.000000000000000,-11.739836767686498,-0.000000000000000
-0.083601689789282,0.000000000000000,-11.961480713135028,-0.000000000000000
-0.082053368699343,0.000000000000000,-12.187190067286139,-0.000000000000000
-0.080534480522861,0.000000000000000,-12.417041663491400,-0.000000000000000
-0.079044424125241,0.000000000000000,-12.651113738466389,-0.000000000000000
-0.077582612927055,0.000000000000000,-12.889485959182888,-0.000000000000000
-0.076148474431182,0.000000000000000,-13.132239450229934,-0.000000000000000
-0.074741449771080,0.000000000000000,-13.379456821654115,-0.000000000000000
-0.073360993279006,0.000000000000000,-13.631222197289649,-0.000000000000000
-0.072006572073072,0.000000000000000,-13.887621243588789,-0.000000000000000
-0.070677665662107,0.000000000000000,-14.148741198963315,-0.000000000000000
-0.069373765567339,0.000000000000000,-14.414670903647853,-0.000000000000000
-0.068094374960003,0.000000000000000,-14.685500830096037,-0.000000000000000
-0.066839008314015,0.000000000000000,-14.961323113920507,-0.000000000000000
-0.065607191072904,0.000000000000000,-15.242231585387991,-0.000000000000000
-0.064398459330270,0.000000000000000,-15.528321801480807,-0.000000000000000
-0.063212359523049,0.000000000000000,-15.819691078536255,-0.000000000000000
-0.062048448136931,0.000000000000000,-16.116438525475587,-0.000000000000000
-0.060906291423303,0.000000000000000,-16.418665077634380,-0.000000000000000
-0.059785465127142,0.000000000000000,-16.726473531206253,-0.000000000000000
-0.058685554225303,0.000000000000000,-17.039968578312134,-0.000000000000000
-0.057606152674680,0.000000000000000,-17.359256842707456,-0.000000000000000
-0.056546863169769,0.000000000000000,-17.684446916139748,-0.000000000000000
-0.055507296909154,0.000000000000000,-18.015649395369422,-0.000000000000000
-0.054487073370508,0.000000000000000,-18.352976919866670,-0.000000000000000
-0.053485820093671,0.000000000000000,-18.696544210197651,-0.000000000000000
-0.052503172471463,0.000000000000000,-19.046468107113235,-0.000000000000000
-0.051538773547826,0.000000000000000,-19.402867611354036,-0.000000000000000
-0.050592273822973,0.000000000000000,-19.765863924185417,-0.000000000000000
-0.049663331065243,0.000000000000000,-20.135580488676521,-0.000000000000000
-0.048751610129314,0.000000000000000,-20.512143031737700,-0.000000000000000
-0.047856782780508,0.000000000000000,-20.895679606930742,-0.000000000000000
-0.046978527524935,0.000000000000000,-21.286320638066712,-0.000000000000000
-0.046116529445166,0.000000000000000,-21.684198963606477,-0.000000000000000
-0.045270480041259,0.000000000000000,-22.089449881879112,-0.000000000000000
-0.044440077076842,0.000000000000000,-22.502211197133811,-0.000000000000000
-0.043625024430080,0.000000000000000,-22.922623266441079,-0.000000000000000
-0.042825031949295,0.000000000000000,-23.350829047459364,-0.000000000000000
-0.042039815313062,0.000000000000000,-23.786974147083427,-0.000000000000000
-0.041269095894565,0.000000000000000,-24.231206870991244,-0.000000000000000
-0.040512600630070,0.000000000000000,-24.683678274106317,-0.000000000000000
-0.039770061891327,0.000000000000000,-25.144542211992729,-0.000000000000000
-0.039041217361746,0.000000000000000,-25.613955393200520,-0.000000000000000
-0.038325809916207,0.000000000000000,-26.092077432579295,-0.000000000000000
-0.037623587504337,0.000000000000000,-26.579070905578263,-0.000000000000000
-0.036934303037137,0.000000000000000,-27.075101403551358,-0.000000000000000
-0.036257714276834,0.000000000000000,-27.580337590086160,-0.000000000000000
-0.035593583729812,0.000000000000000,-28.094951258376099,-0.000000000000000
-0.034941678542522,0.000000000000000,-28.619117389655287,-0.000000000000000
-0.034301770400257,0.000000000000000,-29.153014212716094,-0.000000000000000
-0.033673635428690,0.000000000000000,-29.696823264529691,-0.000000000000000
-0.033057054098053,0.000000000000000,-30.250729451990260,-0.000000000000000
-0.032451811129889,0.000000000000000,-30.814921114803973,-0.000000000000000
-0.031857695406259,0.000000000000000,-31.389590089544072,-0.000000000000000
-0.031274499881347,0.000000000000000,-31.974931774894017,-0.000000000000000
-0.030702021495344,0.000000000000000,-32.571145198100851,-0.000000000000000
-0.030140061090545,0.000000000000000,-33.178433082661456,-0.000000000000000
-0.029588423329621,0.000000000000000,-33.797001917264780,-0.000000000000000
-0.029046916615901,0.000000000000000,-34.427062026013445,-0.000000000000000
-0.028515353015703,0.000000000000000,-35.068827639948822,-0.000000000000000
-0.027993548182579,0.000000000000000,-35.722516969903658,-0.000000000000000
-0.027481321283410,0.000000000000000,-36.388352280707416,-0.000000000000000
-0.026978494926329,0.000000000000000,-37.066559966769248,-0.000000000000000
-0.026484895090398,0.000000000000000,-37.757370629064560,-0.000000000000000
-0.026000351056940,0.000000000000000,-38.461019153551348,-0.000000000000000
-0.025524695342561,0.000000000000000,-39.177744791042841,-0.000000000000000
-0.025057763633725,0.000000000000000,-39.907791238563881,-0.000000000000000
-0.024599394722877,0.000000000000000,-40.651406722218518,-0.000000000000000
-0.024149430446055,0.000000000000000,-41.408844081597124,-0.000000000000000
-0.023707715621963,0.000000000000000,-42.180360855751786,-0.000000000000000
-0.023274097992442,0.000000000000000,-42.966219370769039,-0.000000000000000
-0.022848428164274,0.000000000000000,-43.766686828970066,-0.000000000000000
-0.022430559552362,0.000000000000000,-44.582035399768351,-0.000000000000000
-0.022020348324144,0.000000000000000,-45.412542312215962,-0.000000000000000
-0.021617653345292,0.000000000000000,-46.258489949269801,-0.000000000000000
-0.021222336126584,0.000000000000000,-47.120165943810051,-0.000000000000000
-0.020834260771995,0.000000000000000,-47.997863276443184,-0.000000000000000
-0.020453293927897,0.000000000000000,-48.891880375123193,-0.000000000000000
-0.020079304733397,0.000000000000000,-49.802521216624598,-0.000000000000000
-0.019712164771736,0.000000000000000,-50.730095429901937,-0.000000000000000
-0.019351748022761,0.000000000000000,-51.674918401370817,-0.000000000000000
-0.018997930816411,0.000000000000000,-52.637311382146358,-0.000000000000000
-0.018650591787207,0.000000000000000,-53.617601597275488,-0.000000000000000
-0.018309611829700,0.000000000000000,-54.616122357000279,-0.000000000000000
-0.017974874054868,0.000000000000000,-55.633213170090116,-0.000000000000000
-0.017646263747466,0.000000000000000,-56.669219859281263,-0.000000000000000
-0.017323668324224,0.000000000000000,-57.724494678863088,-0.000000000000000
-0.017006977292951,0.000000000000000,-58.799396434450962,-0.000000000000000
-0.016696082212494,0.000000000000000,-59.894290604986480,-0.000000000000000
-0.016390876653514,0.000000000000000,-61.009549467006636,-0.000000000000000
-0.016091256160056,0.000000000000000,-62.145552221224037,-0.000000000000000
-0.015797118211989,0.000000000000000,-63.302685121461323,-0.000000000000000
-0.015508362188093,0.000000000000000,-64.481341605983658,-0.000000000000000
-0.015224889330035,0.000000000000000,-65.681922431273847,-0.000000000000000
-0.014946602706942,0.000000000000000,-66.904835808295573,-0.000000000000000
-0.014673407180837,0.000000000000000,-68.150497541291315,-0.000000000000000
-0.014405209372633,0.000000000000000,-69.419331169161751,-0.000000000000000
-0.014141917628926,0.000000000000000,-70.711768109475145,-0.000000000000000
-0.013883441989385,0.000000000000000,-72.028247805155331,-0.000000000000000
-0.013629694154822,0.000000000000000,-73.369217873898407,-0.000000000000000
-0.013380587455913,0.000000000000000,-74.735134260368810,-0.000000000000000
-0.013136036822480,0.000000000000000,-76.126461391226741,-0.000000000000000
-0.012895958753475,0.000000000000000,-77.543672333039240,-0.000000000000000
-0.012660271287501,0.000000000000000,-78.987248953129026,-0.000000000000000
-0.012428893973897,0.000000000000000,-80.457682083415648,-0.000000000000000
-0.012201747844429,0.000000000000000,-81.955471687304595,-0.000000000000000
-0.011978755385570,0.000000000000000,-83.481127029681033,-0.000000000000000
-0.011759840511196,0.000000000000000,-85.035166850066389,-0.000000000000000
-0.011544928535997,0.000000000000000,-86.618119538996027,-0.000000000000000
-0.011333946149222,0.000000000000000,-88.230523317678660,-0.000000000000000
-0.011126821389077,0.000000000000000,-89.872926420997970,-0.000000000000000
-0.010923483617546,0.000000000000000,-91.545887283919100,-0.000000000000000
-0.010723863495734,0.000000000000000,-93.249974731363238,-0.000000000000000
-0.010527892959644,0.000000000000000,-94.985768171614836,-0.000000000000000
-0.010335505196458,0.000000000000000,-96.753857793327199,-0.000000000000000
-0.010146634621286,0.000000000000000,-98.554844766193639,-0.000000000000000
-0.009961216854322,0.000000000000000,-100.389341445352045,-0.000000000000000
-0.009779188698474,0.000000000000000,-102.257971579592862,-0.000000000000000
-0.009600488117378,0.000000000000000,-104.161370523440780,-0.000000000000000
-0.009425054213892,0.000000000000000,-106.100185453182590,-0.000000000000000
-0.009252827208947,0.000000000000000,-108.075075586914494,-0.000000000000000
-0.009083748420863,0.000000000000000,-110.086712408683795,-0.000000000000000
-0.008917760244948,0.000000000000000,-112.135779896801040,-0.000000000000000
-0.008754806133645,0.000000000000000,-114.222974756400447,-0.000000000000000
-0.008594830576882,0.000000000000000,-116.349006656327376,-0.000000000000000
-0.008437779082968,0.000000000000000,-118.514598470433796,-0.000000000000000
-0.008283598159672,0.000000000000000,-120.720486523363491,-0.000000000000000
-0.008132235295832,0.000000000000000,-122.967420840910549,-0.000000000000000
-0.007983638943173,0.000000000000000,-125.256165405036640,-0.000000000000000
-0.007837758498546,0.000000000000000,-127.587498413633227,-0.000000000000000
-0.007694544286508,0.000000000000000,-129.962212545117552,-0.000000000000000
-0.007553947542121,0.000000000000000,-132.381115227952137,-0.000000000000000
-0.007415920394280,0.000000000000000,-134.845028915179114,-0.000000000000000
-0.007280415849124,0.000000000000000,-137.354791364063601,-0.000000000000000
-0.007147387773898,0.000000000000000,-139.911255920940363,-0.000000000000000
-0.007016790881110,0.000000000000000,-142.515291811360783,-0.000000000000000
-0.006888580712911,0.000000000000000,-145.167784435639192,-0.000000000000000
-0.006762713625889,0.000000000000000,-147.869635669898685,-0.000000000000000
-0.006639146775981,0.000000000000000,-150.621764172718827,-0.000000000000000
-0.006517838103832,0.000000000000000,-153.425105697489727,-0.000000000000000
-0.006398746320329,0.000000000000000,-156.280613410578269,-0.000000000000000
-0.006281830892434,0.000000000000000,-159.189258215415066,-0.000000000000000
-0.006167052029241,0.000000000000000,-162.152029082612501,-0.000000000000000
-0.006054370668423,0.000000000000000,-165.169933386225068,-0.000000000000000
-0.005943748462755,0.000000000000000,-168.243997246267895,-0.000000000000000
-0.005835147766973,0.000000000000000,-171.375265877608513,-0.000000000000000
-0.005728531624925,0.000000000000000,-174.564803945351258,-0.000000000000000
-0.005623863756881,0.000000000000000,-177.813695926835123,-0.000000000000000
-0.005521108547100,0.000000000000000,-181.123046480367691,-0.000000000000000
-0.005420231031664,0.000000000000000,-184.493980820820980,-0.000000000000000
-0.005321196886470,0.000000000000000,-187.927645102216786,-0.000000000000000
-0.005223972415536,0.000000000000000,-191.425206807431266,-0.000000000000000
-0.005128524539415,0.000000000000000,-194.987855145152082,-0.000000000000000
-0.005034820783933,0.000000000000000,-198.616801454221900,-0.000000000000000
-0.004942829269041,0.000000000000000,-202.313279615507042,-0.000000000000000
-0.004852518697959,0.000000000000000,-206.078546471429945,-0.000000000000000
-0.004763858346408,0.000000000000000,-209.913882253309623,-0.000000000000000
-0.004676818052204,0.000000000000000,-213.820591016653793,-0.000000000000000
-0.004591368204871,0.000000000000000,-217.800001084552093,-0.000000000000000
-0.004507479735551,0.000000000000000,-221.853465499320180,-0.000000000000000
-0.004425124107101,0.000000000000000,-225.982362482548695,-0.000000000000000
-0.004344273304284,0.000000000000000,-230.188095903713759,-0.000000000000000
-0.004264899824292,0.000000000000000,-234.472095757507304,-0.000000000000000
-0.004186976667285,0.000000000000000,-238.835818650051209,-0.000000000000000
-0.004110477327174,0.000000000000000,-243.280748294158769,-0.000000000000000
-0.004035375782607,0.000000000000000,-247.808396013813251,-0.000000000000000
-0.003961646488079,0.000000000000000,-252.420301258034215,-0.000000000000000
-0.003889264365228,0.000000000000000,-257.118032124306978,-0.000000000000000
-0.003818204794243,0.000000000000000,-261.903185891752571,-0.000000000000000
-0.003748443605474,0.000000000000000,-266.777389564219902,-0.000000000000000
-0.003679957071256,0.000000000000000,-271.742300423484608,-0.000000000000000
-0.003612721897667,0.000000000000000,-276.799606592742748,-0.000000000000000
-0.003546715216743,0.000000000000000,-281.951027610591041,-0.000000000000000
-0.003481914578600,0.000000000000000,-287.198315015688195,-0.000000000000000
-0.003418297943767,0.000000000000000,-292.543252942297272,-0.000000000000000
-0.003355843675791,0.000000000000000,-297.987658726910468,-0.000000000000000
-0.003294530533623,0.000000000000000,-303.533383526163107,-0.000000000000000
-0.003234337664622,0.000000000000000,-309.182312946246839,-0.000000000000000
-0.003175244597344,0.000000000000000,-314.936367684036213,-0.000000000000000
-0.003117231234569,0.000000000000000,-320.797504180146120,-0.000000000000000
-0.003060277846373,0.000000000000000,-326.767715284142866,-0.000000000000000
-0.003004365063646,0.000000000000000,-332.849030932134383,-0.000000000000000
-0.002949473871183,0.000000000000000,-339.043518836970577,-0.000000000000000
-0.002895585601408,0.000000000000000,-345.353285191287796,-0.000000000000000
-0.002842681928001,0.000000000000000,-351.780475383637054,-0.000000000000000
-0.002790744859595,0.000000000000000,-358.327274727939312,-0.000000000000000
-0.002739756733632,0.000000000000000,-364.995909206515989,-0.000000000000000
-0.002689700210453,0.000000000000000,-371.788646226946526,-0.000000000000000
-0.002640558267245,0.000000000000000,-378.707795393011679,-0.000000000000000
-0.002592314192412,0.000000000000000,-385.755709289983542,-0.000000000000000
-0.002544951579722,0.000000000000000,-392.934784284530224,-0.000000000000000
-0.002498454322875,0.000000000000000,-400.247461339505776,-0.000000000000000
-0.002452806609824,0.000000000000000,-407.696226843904412,-0.000000000000000
-0.002407992917597,0.000000000000000,-415.283613458259367,-0.000000000000000
-0.002363998006899,0.000000000000000,-423.012200975774647,-0.000000000000000
-0.002320806916941,0.000000000000000,-430.884617199482761,-0.000000000000000
-0.002278404960350,0.000000000000000,-438.903538835725840,-0.000000000000000
-0.002236777718167,0.000000000000000,-447.071692404264809,-0.000000000000000
-0.002195911034988,0.000000000000000,-455.391855165325296,-0.000000000000000
-0.002155791014019,0.000000000000000,-463.866856063896535,-0.000000000000000
-0.002116404012469,0.000000000000000,-472.499576691602329,-0.000000000000000
-0.002077736636892,0.000000000000000,-481.292952266473890,-0.000000000000000
-0.002039775738552,0.000000000000000,-490.249972630955654,-0.000000000000000
-0.002002508409049,0.000000000000000,-499.373683268483205,-0.000000000000000
-0.001965921975824,0.000000000000000,-508.667186338981537,-0.000000000000000
-0.001930003997927,0.000000000000000,-518.133641733631748,-0.000000000000000
-0.001894742261698,0.000000000000000,-527.776268149269072,-0.000000000000000
-0.001860124776840,0.000000000000000,-537.598344182773644,-0.000000000000000
-0.001826139771936,0.000000000000000,-547.603209445829407,-0.000000000000000
-0.001792775690774,0.000000000000000,-557.794265700427673,-0.000000000000000
-0.001760021188318,0.000000000000000,-568.174978015503257,-0.000000000000000
-0.001727865126952,0.000000000000000,-578.748875945094824,-0.000000000000000
-0.001696296572334,0.000000000000000,-589.519554728431331,-0.000000000000000
-0.001665304790095,0.000000000000000,-600.490676512352479,-0.000000000000000
-0.001634879242033,0.000000000000000,-611.665971596477902,-0.000000000000000
-0.001605009582363,0.000000000000000,-623.049239701549141,-0.000000000000000
-0.001575685654529,0.000000000000000,-634.644351261375618,-0.000000000000000
-0.001546897487401,0.000000000000000,-646.455248738823911,-0.000000000000000
-0.001518635292200,0.000000000000000,-658.485947966297772,-0.000000000000000
-0.001490889458864,0.000000000000000,-670.740539511164116,-0.000000000000000
-0.001463650553035,0.000000000000000,-683.223190066590178,-0.000000000000000
-0.001436909312702,0.000000000000000,-695.938143868264206,-0.000000000000000
-0.001410656645078,0.000000000000000,-708.889724137480925,-0.000000000000000
-0.001384883623587,0.000000000000000,-722.082334551083932,-0.000000000000000
-0.001359581484621,0.000000000000000,-735.520460738762722,-0.000000000000000
-0.001334741624930,0.000000000000000,-749.208671808215286,-0.000000000000000
-0.001310355598150,0.000000000000000,-763.151621898694202,-0.000000000000000
-0.001286415112588,0.000000000000000,-777.354051763463985,-0.000000000000000
-0.001262912027755,0.000000000000000,-791.820790381708321,-0.000000000000000
-0.001239838352149,0.000000000000000,-806.556756600434483,-0.000000000000000
-0.001217186240069,0.000000000000000,-821.566960806935299,-0.000000000000000
-0.001194947989347,0.000000000000000,-836.856506632374021,-0.000000000000000
-0.001173116038501,0.000000000000000,-852.430592687074295,-0.000000000000000
-0.001151682964121,0.000000000000000,-868.294514328103332,-0.000000000000000
-0.001130641478539,0.000000000000000,-884.453665459751278,-0.000000000000000
-0.001109984427103,0.000000000000000,-900.913540367515452,-0.000000000000000
-0.001089704786125,0.000000000000000,-917.679735586217475,-0.000000000000000
-0.001069795659987,0.000000000000000,-934.757951802885486,-0.000000000000000
-0.001050250279263,0.000000000000000,-952.153995795048559,-0.000000000000000
-0.001031061998106,0.000000000000000,-969.873782405104180,-0.000000000000000
-0.001012224292083,0.000000000000000,-987.923336551428292,-0.000000000000000
-0.000993730756079,0.000000000000000,-1006.308795276911951,-0.000000000000000
-0.000975575101961,0.000000000000000,-1025.036409835622635,-0.000000000000000
-0.000957751156307,0.000000000000000,-1044.112547818298481,-0.000000000000000
-0.000940252858868,0.000000000000000,-1063.543695317395759,-0.000000000000000
-0.000923074259617,0.000000000000000,-1083.336459132432765,-0.000000000000000
-0.000906209517893,0.000000000000000,-1103.497569016370562,-0.000000000000000
-0.000889652899104,0.000000000000000,-1124.033879963802747,-0.000000000000000
-0.000873398773820,0.000000000000000,-1144.952374541727977,-0.000000000000000
-0.000857441615381,0.000000000000000,-1166.260165263696308,-0.000000000000000
-0.000841775997969,0.000000000000000,-1187.964497008141961,-0.000000000000000
-0.000826396595130,0.000000000000000,-1210.072749481719029,-0.000000000000000
-0.000811298177609,0.000000000000000,-1232.592439728482077,-0.000000000000000
-0.000796475611537,0.000000000000000,-1255.531224685761572,-0.000000000000000
-0.000781923857176,0.000000000000000,-1278.896903787605197,-0.000000000000000
-0.000767637966760,0.000000000000000,-1302.697421616669544,-0.000000000000000
-0.000753613082679,0.000000000000000,-1326.940870605463942,-0.000000000000000
-0.000739844436339,0.000000000000000,-1351.635493787864334,-0.000000000000000
-0.000726327346115,0.000000000000000,-1376.789687601833975,-0.000000000000000
-0.000713057216103,0.000000000000000,-1402.412004744302067,-0.000000000000000
-0.000700029534300,0.000000000000000,-1428.511157079174609,-0.000000000000000
-0.000687239870899,0.000000000000000,-1455.096018599459967,-0.000000000000000
-0.000674683877378,0.000000000000000,-1482.175628444523454,-0.000000000000000
-0.000662357284568,0.000000000000000,-1509.759193973490710,-0.000000000000000
-0.000650255901064,0.000000000000000,-1537.856093895851700,-0.000000000000000
-0.000638375612311,0.000000000000000,-1566.475881460319670,-0.000000000000000
-0.000626712378903,0.000000000000000,-1595.628287703040314,-0.000000000000000
-0.000615262235101,0.000000000000000,-1625.323224756250056,-0.000000000000000
-0.000604021287700,0.000000000000000,-1655.570789218505524,-0.000000000000000
-0.000592985714661,0.000000000000000,-1686.381265587636790,-0.000000000000000
-0.000582151763751,0.000000000000000,-1717.765129757588511,-0.000000000000000
-0.000571515751290,0.000000000000000,-1749.733052580334970,-0.000000000000000
-0.000561074060784,0.000000000000000,-1782.295903494085906,-0.000000000000000
-0.000550823141907,0.000000000000000,-1815.464754219011866,-0.000000000000000
-0.000540759509477,0.000000000000000,-1849.250882521749418,-0.000000000000000
-0.000530879741405,0.000000000000000,-1883.665776049962005,-0.000000000000000
-0.000521180478586,0.000000000000000,-1918.721136238264990,-0.000000000000000
-0.000511658423193,0.000000000000000,-1954.428882286839098,-0.000000000000000
-0.000502310337424,0.000000000000000,-1990.801155214086748,-0.000000000000000
-0.000493133042937,0.000000000000000,-2027.850321984709353,-0.000000000000000
-0.000484123419483,0.000000000000000,-2065.588979714608286,-0.000000000000000
-0.000475278403201,0.000000000000000,-2104.029959954041260,-0.000000000000000
-0.000466594987529,0.000000000000000,-2143.186333050483881,-0.000000000000000
-0.000458070218883,0.000000000000000,-2183.071412592696106,-0.000000000000000
-0.000449701199614,0.000000000000000,-2223.698759937476552,-0.000000000000000
-0.000441485083911,0.000000000000000,-2265.082188820676492,-0.000000000000000
-0.000433419077808,0.000000000000000,-2307.235770054017848,-0.000000000000000
-0.000425500439405,0.000000000000000,-2350.173836309318176,-0.000000000000000
-0.000417726475689,0.000000000000000,-2393.910986991756545,-0.000000000000000
-0.000410094543895,0.000000000000000,-2438.462093203825589,-0.000000000000000
-0.000402602048780,0.000000000000000,-2483.842302801670030,-0.000000000000000
-0.000395246442849,0.000000000000000,-2530.067045545518340,-0.000000000000000
-0.000388025225220,0.000000000000000,-2577.152038345968776,-0.000000000000000
-0.000380935940484,0.000000000000000,-2625.113290607907402,-0.000000000000000
-0.000373976178025,0.000000000000000,-2673.967109673879349,-0.000000000000000
-0.000367143571793,0.000000000000000,-2723.730106368759152,-0.000000000000000
-0.000360435798484,0.000000000000000,-2774.419200647613707,-0.000000000000000
-0.000353850577312,0.000000000000000,-2826.051627348664624,-0.000000000000000
-0.000347385669329,0.000000000000000,-2878.644942053323575,-0.000000000000000
-0.000341038876286,0.000000000000000,-2932.217027055274229,-0.000000000000000
-0.000334808040407,0.000000000000000,-2986.786097440649883,-0.000000000000000
-0.000328691042569,0.000000000000000,-3042.370707281355863,-0.000000000000000
-0.000322685803667,0.000000000000000,-3098.989755943653108,-0.000000000000000
-0.000316790281431,0.000000000000000,-3156.662494514150694,-0.000000000000000
-0.000311002471335,0.000000000000000,-3215.408532345376898,-0.000000000000000
-0.000305320405687,0.000000000000000,-3275.247843723174810,-0.000000000000000
-0.000299742152038,0.000000000000000,-3336.200774658174396,-0.000000000000000
-0.000294265814318,0.000000000000000,-3398.288049803651575,-0.000000000000000
-0.000288889530111,0.000000000000000,-3461.530779502137648,-0.000000000000000
-0.000283611471332,0.000000000000000,-3525.950466963161944,-0.000000000000000
-0.000278429843775,0.000000000000000,-3591.569015574574223,-0.000000000000000
-0.000273342885521,0.000000000000000,-3658.408736349932042,-0.000000000000000
-0.000268348866484,0.000000000000000,-3726.492355514489191,-0.000000000000000
-0.000263446089320,0.000000000000000,-3795.843022232351814,-0.000000000000000
-0.000258632886698,0.000000000000000,-3866.484316477448374,-0.000000000000000
-0.000253907621982,0.000000000000000,-3938.440257050971923,-0.000000000000000
-0.000249268688776,0.000000000000000,-4011.735309748032705,-0.000000000000000
-0.000244714509336,0.000000000000000,-4086.394395676291879,-0.000000000000000
-0.000240243535700,0.000000000000000,-4162.442899729405326,-0.000000000000000
-0.000235854247876,0.000000000000000,-4239.906679218163845,-0.000000000000000
-0.000231545152474,0.000000000000000,-4318.812072662254650,-0.000000000000000
-0.000227314785207,0.000000000000000,-4399.185908745643246,-0.000000000000000
-0.000223161707254,0.000000000000000,-4481.055515438615657,-0.000000000000000
-0.000219084507080,0.000000000000000,-4564.448729289579205,-0.000000000000000
-0.000215081797705,0.000000000000000,-4649.393904889795522,-0.000000000000000
-0.000211152218981,0.000000000000000,-4735.919924514238119,-0.000000000000000
-0.000207294433494,0.000000000000000,-4824.056207941887806,-0.000000000000000
-0.000203507131118,0.000000000000000,-4913.832722458764692,-0.000000000000000
-0.000199789023100,0.000000000000000,-5005.279993047134667,-0.000000000000000
-0.000196138845695,0.000000000000000,-5098.429112764328238,-0.000000000000000
-0.000192555357444,0.000000000000000,-5193.311753314717862,-0.000000000000000
-0.000189037339624,0.000000000000000,-5289.960175818439893,-0.000000000000000
-0.000185583597613,0.000000000000000,-5388.407241780516415,-0.000000000000000
-0.000182192955435,0.000000000000000,-5488.686424264127709,-0.000000000000000
-0.000178864260761,0.000000000000000,-5590.831819271814311,-0.000000000000000
-0.000175596381723,0.000000000000000,-5694.878157338478559,-0.000000000000000
-0.000172388207829,0.000000000000000,-5800.860815340150111,-0.000000000000000
-0.000169238647686,0.000000000000000,-5908.815828522496304,-0.000000000000000
-0.000166146630363,0.000000000000000,-6018.779902753200076,-0.000000000000000
-0.000163111104484,0.000000000000000,-6130.790427002347315,-0.000000000000000
-0.000160131038683,0.000000000000000,-6244.885486055079127,-0.000000000000000
-0.000157205418873,0.000000000000000,-6361.103873460833711,-0.000000000000000
-0.000154333250975,0.000000000000000,-6479.485104723564291,-0.000000000000000
-0.000151513557739,0.000000000000000,-6600.069430737441508,-0.000000000000000
-0.000148745380557,0.000000000000000,-6722.897851472589537,-0.000000000000000
-0.000146027778555,0.000000000000000,-6848.012129915518017,-0.000000000000000
-0.000143359827689,0.000000000000000,-6975.454806268984612,-0.000000000000000
-0.000140740620736,0.000000000000000,-7105.269212416126720,-0.000000000000000
-0.000138169267302,0.000000000000000,-7237.499486653767235,-0.000000000000000
-0.000135644892453,0.000000000000000,-7372.190588699910222,-0.000000000000000
-0.000133166638534,0.000000000000000,-7509.388314980526047,-0.000000000000000
-0.000130733662900,0.000000000000000,-7649.139314200840090,-0.000000000000000
-0.000128345137909,0.000000000000000,-7791.491103206381013,-0.000000000000000
-0.000126000251839,0.000000000000000,-7936.492083139234637,-0.000000000000000
-0.000123698207062,0.000000000000000,-8084.191555894941303,-0.000000000000000
-0.000121438220958,0.000000000000000,-8234.639740885679203,-0.000000000000000
-0.000119219525004,0.000000000000000,-8387.887792115403499,-0.000000000000000
-0.000117041365229,0.000000000000000,-8543.987815572758336,-0.000000000000000
-0.000114903000394,0.000000000000000,-8702.992886947675288,-0.000000000000000
-0.000112803704724,0.000000000000000,-8864.957069677679101,-0.000000000000000
-0.000110742763354,0.000000000000000,-9029.935433330039814,-0.000000000000000
-0.000108719475065,0.000000000000000,-9197.984072326016758,-0.000000000000000
-0.000106733153189,0.000000000000000,-9369.160125013568177,-0.000000000000000
-0.000104783121060,0.000000000000000,-9543.521793095007524,-0.000000000000000
-0.000102868716567,0.000000000000000,-9721.128361416203916,-0.000000000000000
-0.000100989288512,0.000000000000000,-9902.040218124075182,-0.000000000000000
-0.000099144198430,0.000000000000000,-10086.318875199198374,-0.000000000000000
-0.000097332817859,0.000000000000000,-10274.026989370555384,-0.000000000000000
-0.000095554531981,0.000000000000000,-10465.228383419496822,-0.000000000000000
-0.000093808735073,0.000000000000000,-10659.988067880163726,-0.000000000000000
-0.000092094835054,0.000000000000000,-10858.372263143781311,-0.000000000000000
-0.000090412248028,0.000000000000000,-11060.448421974302619,-0.000000000000000
-0.000088760401013,0.000000000000000,-11266.285252443070931,-0.000000000000000
-0.000087138734671,0.000000000000000,-11475.952741290309859,-0.000000000000000
-0.000085546696027,0.000000000000000,-11689.522177721362823,-0.000000000000000
-0.000083983743934,0.000000000000000,-11907.066177645800053,-0.000000000000000
-0.000082449348156,0.000000000000000,-12128.658708367602230,-0.000000000000000
-0.000080942984823,0.000000000000000,-12354.375113734840852,-0.000000000000000
-0.000079464143710,0.000000000000000,-12584.292139757400946,-0.000000000000000
-0.000078012320955,0.000000000000000,-12818.487960701459087,-0.000000000000000
-0.000076587023614,0.000000000000000,-13057.042205669560644,-0.000000000000000
-0.000075187766925,0.000000000000000,-13300.035985675382108,-0.000000000000000
-0.000073814074312,0.000000000000000,-13547.551921222351666,-0.000000000000000
-0.000072465479207,0.000000000000000,-13799.674170395501278,-0.000000000000000
-0.000071141523222,0.000000000000000,-14056.488457476136318,-0.000000000000000
-0.000069841756158,0.000000000000000,-14318.082102088999818,-0.000000000000000
-0.000068565736001,0.000000000000000,-14584.544048891893908,-0.000000000000000
-0.000067313028921,0.000000000000000,-14855.964897817822930,-0.000000000000000
-0.000066083209276,0.000000000000000,-15132.436934879940964,-0.000000000000000
-0.000064875858698,0.000000000000000,-15414.054163549801160,-0.000000000000000
-0.000063690567004,0.000000000000000,-15700.912336719531595,-0.000000000000000
-0.000062526929469,0.000000000000000,-15993.108989258869769,-0.000000000000000
-0.000061384552282,0.000000000000000,-16290.743471178055188,-0.000000000000000
-0.000060263046180,0.000000000000000,-16593.916981407914136,-0.000000000000000
-0.000059162031903,0.000000000000000,-16902.732602208569006,-0.000000000000000
-0.000058081132011,0.000000000000000,-17217.295334218546486,-0.000000000000000
-0.000057019979067,0.000000000000000,-17537.712132156091684,-0.000000000000000
-0.000055978216551,0.000000000000000,-17864.091941184953612,-0.000000000000000
-0.000054955484302,0.000000000000000,-18196.545733956896584,-0.000000000000000
-0.000053951440350,0.000000000000000,-18535.186548343604954,-0.000000000000000
-0.000052965739087,0.000000000000000,-18880.129525870775979,-0.000000000000000
-0.000051998045819,0.000000000000000,-19231.491950867490232,-0.000000000000000
-0.000051048033129,0.000000000000000,-19589.393290344116394,-0.000000000000000
-0.000050115377235,0.000000000000000,-19953.955234612421918,-0.000000000000000
-0.000049199761634,0.000000000000000,-20325.301738661553827,-0.000000000000000
-0.000048300873459,0.000000000000000,-20703.559064304095955,-0.000000000000000
-0.000047418408940,0.000000000000000,-21088.855823106441676,-0.000000000000000
-0.000046552067943,0.000000000000000,-21481.323020118099521,-0.000000000000000
-0.000045701553972,0.000000000000000,-21881.094098414832843,-0.000000000000000
-0.000044866579628,0.000000000000000,-22288.304984470734780,-0.000000000000000
-0.000044046859330,0.000000000000000,-22703.094134374718124,-0.000000000000000
-0.000043242116590,0.000000000000000,-23125.602580907027004,-0.000000000000000
-0.000042452076741,0.000000000000000,-23555.973981491963059,-0.000000000000000
-0.000041676470573,0.000000000000000,-23994.354667042913206,-0.000000000000000
-0.000040915034333,0.000000000000000,-24440.893691716457397,-0.000000000000000
-0.000040167509724,0.000000000000000,-24895.742883592374710,-0.000000000000000
-0.000039433643906,0.000000000000000,-25359.056896296839113,-0.000000000000000
-0.000038713184040,0.000000000000000,-25830.993261586321751,-0.000000000000000
-0.000038005888200,0.000000000000000,-26311.712442910062236,-0.000000000000000
-0.000037311514461,0.000000000000000,-26801.377889969393436,-0.000000000000000
-0.000036629826354,0.000000000000000,-27300.156094292393391,-0.000000000000000
-0.000035960594687,0.000000000000000,-27808.216645842792786,-0.000000000000000
-0.000035303588447,0.000000000000000,-28325.732290682404710,-0.000000000000000
-0.000034658585719,0.000000000000000,-28852.878989706630819,-0.000000000000000
-0.000034025368223,0.000000000000000,-29389.835978473067371,-0.000000000000000
-0.000033403719499,0.000000000000000,-29936.785828143532854,-0.000000000000000
-0.000032793428545,0.000000000000000,-30493.914507560228230,-0.000000000000000
-0.000032194287996,0.000000000000000,-31061.411446477133723,-0.000000000000000
-0.000031606092307,0.000000000000000,-31639.469599968186230,-0.000000000000000
-0.000031028645026,0.000000000000000,-32228.285514034057996,-0.000000000000000
-0.000030461746064,0.000000000000000,-32828.059392429946456,-0.000000000000000
-0.000029905204428,0.000000000000000,-33438.995164736988954,-0.000000000000000
-0.000029358830943,0.000000000000000,-34061.300555700508994,-0.000000000000000
-0.000028822440072,0.000000000000000,-34695.187155858693586,-0.000000000000000
-0.000028295849916,0.000000000000000,-35340.870493485628685,-0.000000000000000
-0.000027778882213,0.000000000000000,-35998.570107873252709,-0.000000000000000
-0.000027271355066,0.000000000000000,-36668.509623977093725,-0.000000000000000
-0.000026773104764,0.000000000000000,-37350.916828451125184,-0.000000000000000
-0.000026283956686,0.000000000000000,-38046.023747097700834,-0.000000000000000
-0.000025803743483,0.000000000000000,-38754.066723758849548,-0.000000000000000
-0.000025332305086,0.000000000000000,-39475.286500675691059,-0.000000000000000
-0.000024869477784,0.000000000000000,-40209.928300343417504,-0.000000000000000
-0.000024415108783,0.000000000000000,-40958.241908889591286,-0.000000000000000
-0.000023969041649,0.000000000000000,-41720.481761004077271,-0.000000000000000
-0.000023531123588,0.000000000000000,-42496.907026449633122,-0.000000000000000
-0.000023101205443,0.000000000000000,-43287.781698182385298,-0.000000000000000
-0.000022679145331,0.000000000000000,-44093.374682112269511,-0.000000000000000
-0.000022264794097,0.000000000000000,-44913.959888533987396,-0.000000000000000
-0.000021858009859,0.000000000000000,-45749.816325259409496,-0.000000000000000
-0.000021458661649,0.000000000000000,-46601.228192483256862,-0.000000000000000
-0.000021066611225,0.000000000000000,-47468.484979414228292,-0.000000000000000
-0.000020681716705,0.000000000000000,-48351.881562704453245,-0.000000000000000
-0.000020303861675,0.000000000000000,-49251.718306710725301,-0.000000000000000
-0.000019932907890,0.000000000000000,-50168.301165621604014,-0.000000000000000
-0.000019568728021,0.000000000000000,-51101.941787485193345,-0.000000000000000
-0.000019211205654,0.000000000000000,-52052.957620172761381,-0.000000000000000
-0.000018860213459,0.000000000000000,-53021.672019314486533,-0.000000000000000
-0.000018515635020,0.000000000000000,-54008.414358243840979,-0.000000000000000
-0.000018177350285,0.000000000000000,-55013.520139988060691,-0.000000000000000
-0.000017845246475,0.000000000000000,-56037.331111342828081,-0.000000000000000
-0.000017519210814,0.000000000000000,-57080.195379069809860,-0.000000000000000
-0.000017199134163,0.000000000000000,-58142.467528256755031,-0.000000000000000
-0.000016884903744,0.000000000000000,-59224.508742880221689,-0.000000000000000
-0.000016576410417,0.000000000000000,-60326.686928612019983,-0.000000000000000
-0.000016273555957,0.000000000000000,-61449.376837911113398,-0.000000000000000
-0.000015976238501,0.000000000000000,-62592.960197443477227,-0.000000000000000
-0.000015684348909,0.000000000000000,-63757.825837873329874,-0.000000000000000
-0.000015397792595,0.000000000000000,-64944.369826069669216,-0.000000000000000
-0.000015116478608,0.000000000000000,-66152.995599773305003,-0.000000000000000
-0.000014840290532,0.000000000000000,-67384.114104770123959,-0.000000000000000
-0.000014569159248,0.000000000000000,-68638.143934616891784,-0.000000000000000
-0.000014302975615,0.000000000000000,-69915.511472967787995,-0.000000000000000
-0.000014041659597,0.000000000000000,-71216.651038549287478,-0.000000000000000
-0.000013785116607,0.000000000000000,-72542.005032833301811,-0.000000000000000
-0.000013533259335,0.000000000000000,-73892.024090458377032,-0.000000000000000
-0.000013286007743,0.000000000000000,-75267.167232450388838,-0.000000000000000
-0.000013043267245,0.000000000000000,-76667.902022294554627,-0.000000000000000
-0.000012804965081,0.000000000000000,-78094.704724912182428,-0.000000000000000
-0.000012571013940,0.000000000000000,-79548.060468595736893,-0.000000000000000
-0.000012341341062,0.000000000000000,-81028.463409957766999,-0.000000000000000
-0.000012115866411,0.000000000000000,-82536.416901949487510,-0.000000000000000
-0.000011894509953,0.000000000000000,-84072.433665006159572,-0.000000000000000
-0.000011677191651,0.000000000000000,-85637.035961377579952,-0.000000000000000
-0.000011463846022,0.000000000000000,-87230.755772702890681,-0.000000000000000
-0.000011254400306,0.000000000000000,-88854.134980890026782,-0.000000000000000
-0.000011048781744,0.000000000000000,-90507.725552361487644,-0.000000000000000
-0.000010846917576,0.000000000000000,-92192.089725728787016,-0.000000000000000
-0.000010648742318,0.000000000000000,-93907.800202959610033,-0.000000000000000
-0.000010454190488,0.000000000000000,-95655.440344102797098,-0.000000000000000
-0.000010263189324,0.000000000000000,-97435.604365636885632,-0.000000000000000
-0.000010075680621,0.000000000000000,-99248.897542510239873,-0.000000000000000
-0.000009891598893,0.000000000000000,-101095.936413940944476,-0.000000000000000
-0.000009710871382,0.000000000000000,-102977.348993046907708,-0.000000000000000
-0.000009533454431,0.000000000000000,-104893.774980376954773,-0.000000000000000
-0.000009359275282,0.000000000000000,-106845.865981415990973,-0.000000000000000
-0.000009188283002,0.000000000000000,-108834.285728137896513,-0.000000000000000
-0.000009020412108,0.000000000000000,-110859.710304681488196,-0.000000000000000
-0.000008855604392,0.000000000000000,-112922.828377226484008,-0.000000000000000
-0.000008693816199,0.000000000000000,-115024.341428147308761,-0.000000000000000
-0.000008534974768,0.000000000000000,-117164.963994524805457,-0.000000000000000
-0.000008379036444,0.000000000000000,-119345.423911096455413,-0.000000000000000
-0.000008225957572,0.000000000000000,-121566.462557728023967,-0.000000000000000
-0.000008075665392,0.000000000000000,-123828.835111490800045,-0.000000000000000
-0.000007928123523,0.000000000000000,-126133.310803429747466,-0.000000000000000
-0.000007783273759,0.000000000000000,-128480.673180110548856,-0.000000000000000
-0.000007641072443,0.000000000000000,-130871.720370033755898,-0.000000000000000
-0.000007501468644,0.000000000000000,-133307.265355007199105,-0.000000000000000
-0.000007364418707,0.000000000000000,-135788.136246568348724,-0.000000000000000
-0.000007229871699,0.000000000000000,-138315.176567551388871,-0.000000000000000
-0.000007097769412,0.000000000000000,-140889.245538894028869,-0.000000000000000
-0.000006968097296,0.000000000000000,-143511.218371781636961,-0.000000000000000
-0.000006840782589,0.000000000000000,-146181.986565228900872,-0.000000000000000
-0.000006715810741,0.000000000000000,-148902.458209198666736,-0.000000000000000
-0.000006593108992,0.000000000000000,-151673.558293362613767,-0.000000000000000
-0.000006472648238,0.000000000000000,-154496.229021607548930,-0.000000000000000
-0.000006354399375,0.000000000000000,-157371.430132394947577,-0.000000000000000
-0.000006238304195,0.000000000000000,-160300.139225082413759,-0.000000000000000
-0.000006124319043,0.000000000000000,-163283.352092317887582,-0.000000000000000
-0.000006012429367,0.000000000000000,-166322.083058619871736,-0.000000000000000
-0.000005902576959,0.000000000000000,-169417.365325258870143,-0.000000000000000
-0.000005794747267,0.000000000000000,-172570.251321556715993,-0.000000000000000
-0.000005688867532,0.000000000000000,-175781.813062724104384,-0.000000000000000
-0.000005584937753,0.000000000000000,-179053.142514357110485,-0.000000000000000
-0.000005482899724,0.000000000000000,-182385.351963717461331,-0.000000000000000
-0.000005382724339,0.000000000000000,-185779.574397921998752,-0.000000000000000
-0.000005284382496,0.000000000000000,-189236.963889170612674,-0.000000000000000
-0.000005187830538,0.000000000000000,-192758.695987143204547,-0.000000000000000
-0.000005093053915,0.000000000000000,-196345.968118699267507,-0.000000000000000
-0.000004999994417,0.000000000000000,-199999.999995015910827,-0.000000000000000
